1 12623
2 58752
3 29227
4 18788
5 83743
6 25504
7 14954
8 24629
9 136697
10 27763
11 422272
12 100359
13 246495
14 5184
15 29937
16 114475
17 49792
18 11170
19 510173
20 85948
21 98716
22 697738
23 146056
24 132685
25 178922
26 15233
27 80490
28 123809
29 126144
30 111269
31 56055
32 93526
33 26816
34 781624
35 567213
36 167311
37 31370
38 340122
39 1387
40 17661
41 32268
42 81338
43 38172
44 43298
45 4780
46 13178
47 801856
48 312099
49 24387
50 97817
51 46761
52 86863
53 81444
54 25917
55 18192
56 109695
57 65999
58 121661
59 2345
60 148528
61 8899
62 199511
63 6203
64 71086
65 241182
66 43085
67 79862
68 224002
69 180933
70 57503
71 61170
72 89277
73 31123
74 130923
75 35189
76 16888
77 31064
78 21245
79 132227
80 48891
81 49967
82 30904
83 39613
84 89336
85 1077479
86 34515
87 10295
88 60841
89 243891
90 324042
91 15506
92 68350
93 86749
94 321287
95 3794
96 4196
97 28475
98 72434
99 66055
100 158190
101 53711
102 31745
103 106985
104 40073
105 65085
106 13336
107 547788
108 33418
109 43893
110 14648
111 61330
112 79734
113 24995
114 48177
115 244692
116 99763
117 43532
118 2944
119 172853
120 40942
121 17900
122 38739
123 179948
124 473536
125 107428
126 2690
127 99288
128 36126
129 89817
130 77987
131 178906
132 95611
133 570149
134 27615
135 59686
136 31255
137 41860
138 12401
139 41172
140 60435
141 187755
142 6221
143 23799
144 31305
145 24772
146 70952
147 71933
148 135776
149 145237
150 24636
151 159920
152 79724
153 139795
154 128780
155 36790
156 49840
157 41645
158 382805
159 16077
160 23884
161 246345
162 46565
163 29836
164 85912
165 67594
166 167894
167 226989
168 36028
169 90686
170 58561
171 3799
172 277408
173 20018
174 47994
175 73439
176 136899
177 20863
178 327353
179 106120
180 206881
181 54876
182 111852
183 172523
184 21142
185 110101
186 102553
187 118972
188 26458
189 266159
190 200009
191 2243559
192 52190
193 30085
194 300325
195 32350
196 166966
197 35785
198 23275
199 47927
200 624439
201 1685
202 107244
203 29521
204 727129
205 30409
206 9788
207 42313
208 21098
209 170195
210 24301
211 31826
212 19492
213 111321
214 280966
215 1399
216 146738
217 49175
218 26915
219 7581
220 6507
221 34384
222 26789
223 63727
224 21323
225 2085
226 81920
227 133741
228 638360
229 131903
230 162854
231 28675
232 186990
233 27091
234 18297
235 664618
236 4610
237 8596
238 31659
239 51826
240 110769
241 46172
242 59244
243 302758
244 1921
245 25568
246 13551
247 159489
248 134073
249 26886
250 294328
251 11553
252 82692
253 133220
254 23346
255 36058
256 59761
257 609401
258 13174
259 8432
260 298157
261 32053
262 27146
263 41404
264 12735
265 27848
266 34142
267 99501
268 41691
269 34292
270 43767
271 32095
272 71307
273 70388
274 17207
275 38433
276 224419
277 10868
278 319771
279 612063
280 15698
281 73345
282 430540
283 91095
284 32054
285 25506
286 20940
287 13548
288 51412
289 4571
290 263671
291 183941
292 164833
293 108071
294 17356
295 46590
296 701023
297 16617
298 107421
299 365162
300 66847
301 428815
302 132770
303 129128
304 59720
305 77142
306 63552
307 264316
308 552385
309 50295
310 96143
311 322839
312 67746
313 29796
314 39492
315 130137
316 3131
317 63207
318 55419
319 90696
320 238667
321 60727
322 68805
323 178965
324 198846
325 66819
326 21526
327 330181
328 8965
329 84212
330 32146
331 96046
332 43954
333 30552
334 69296
335 70827
336 45899
337 127071
338 63794
339 1722174
340 29007
341 50835
342 7649
343 41595
344 2223
345 39194
346 291074
347 56132
348 98855
349 591382
350 98679
351 93130
352 12098
353 19269
354 176958
355 289343
356 18332
357 73981
358 399069
359 320321
360 43223
361 315385
362 158436
363 103262
364 5138
365 79385
366 20942
367 74714
368 26493
369 70866
370 1387
371 47107
372 12113
373 51518
374 79175
375 36440
376 156720
377 68443
378 373928
379 104615
380 35707
381 82517
382 65081
383 66763
384 170895
385 54616
386 8333
387 102171
388 231885
389 115579
390 160371
391 237719
392 9869
393 89016
394 24680
395 312307
396 35527
397 31725
398 26458
399 127932
400 8604
401 117609
402 48056
403 151566
404 58083
405 10110
406 15423
407 127934
408 90737
409 59506
410 87615
411 393609
412 53322
413 23051
414 20003
415 63204
416 76171
417 14491
418 55182
419 747486
420 174710
421 1876
422 12659
423 79195
424 37463
425 40010
426 19810
427 28084
428 181598
429 97049
430 9834
431 42874
432 154318
433 183048
434 117853
435 228122
436 82919
437 77846
438 225971
439 187444
440 34733
441 43587
442 44258
443 59188
444 23840
445 61459
446 24503
447 27584
448 17504
449 60509
450 354509
451 65772
452 104417
453 170622
454 408237
455 537461
456 103919
457 124804
458 11828
459 248250
460 60960
461 585572
462 174896
463 214348
464 113963
465 32539
466 14871
467 118307
468 58632
469 853231
470 90306
471 70773
472 17707
473 68371
474 11147
475 47225
476 53785
477 70254
478 316274
479 173447
480 213389
481 8338
482 116263
483 22507
484 17490
485 19647
486 94926
487 211617
488 21454
489 1181
490 145338
491 2333
492 14560
493 632224
494 19826
495 202744
496 449853
497 142514
498 62249
499 66938
500 229486
501 40698
502 6366
503 25392
504 2309
505 27065
506 22396
507 16550
508 21284
509 122039
510 31679
511 97726
512 191851
513 80818
514 215872
515 11810
516 10345
517 194091
518 33665
519 4664
520 96799
521 62048
522 77171
523 195264
524 64546
525 63059
526 236648
527 83633
528 176472
529 206516
530 24899
531 77426
532 456310
533 64034
534 70099
535 54815
536 652254
537 456017
538 24796
539 58153
540 38482
541 13407
542 571208
543 53320
544 87533
545 5149
546 113708
547 22803
548 268860
549 115054
550 16820
551 140947
552 111649
553 168163
554 25210
555 42728
556 153402
557 66869
558 241296
559 15206
560 327095
561 188612
562 64374
563 69005
564 8870
565 44100
566 9077
567 173694
568 323935
569 193963
570 178183
571 33693
572 46703
573 50246
574 36372
575 4308
576 173823
577 6802
578 580686
579 533931
580 81460
581 234848
582 98830
583 115613
584 121587
585 133902
586 201094
587 32932
588 166490
589 65038
590 455079
591 38520
592 59073
593 18908
594 87712
595 29797
596 47557
597 26372
598 623664
599 100737
600 380181
601 165815
602 114842
603 112135
604 15692
605 180136
606 57844
607 9456
608 68224
609 56550
610 103769
611 321475
612 169897
613 11237
614 291900
615 253828
616 56959
617 131752
618 127226
619 124248
620 91567
621 35993
622 90326
623 73319
624 25320
625 140960
626 490937
627 688339
628 28380
629 29206
630 439417
631 144782
632 107900
633 100800
634 163190
635 155703
636 85180
637 239646
638 10609
639 220864
640 9784
641 40745
642 140533
643 280990
644 2422
645 187871
646 84441
647 20324
648 17045
649 1436448
650 4879
651 26387
652 128810
653 31839
654 96208
655 5971
656 51567
657 60037
658 157350
659 29719
660 209708
661 20464
662 21534
663 37719
664 45645
665 65317
666 110415
667 200059
668 4365
669 139495
670 63541
671 8268
672 21949
673 115468
674 161488
675 16904
676 4495
677 44721
678 235124
679 42759
680 37205
681 91903
682 34366
683 150112
684 107805
685 2827723
686 147889
687 61614
688 171913
689 17018
690 122817
691 43303
692 64579
693 616686
694 102445
695 201124
696 22174
697 105826
698 187174
699 31617
700 179701
701 133917
702 12790
703 283554
704 367596
705 1066639
706 85654
707 98013
708 79146
709 150453
710 122135
711 78472
712 68053
713 65532
714 11394
715 50774
716 40485
717 628254
718 243423
719 154300
720 271923
721 109827
722 72156
723 35893
724 33451
725 4497
726 450113
727 88090
728 60266
729 46895
730 225386
731 158940
732 32764
733 29545
734 161469
735 41698
736 28361
737 178224
738 87057
739 8810
740 29167
741 125729
742 85619
743 27395
744 227029
745 38494
746 56309
747 139609
748 953767
749 19990
750 423591
751 47566
752 10140
753 147903
754 76218
755 264301
756 4379
757 2446
758 78244
759 102209
760 41090
761 21633
762 18710
763 7699
764 73723
765 62734
766 7206
767 7808
768 19196
769 105853
770 102499
771 59426
772 114924
773 30580
774 93329
775 63189
776 82665
777 203666
778 139270
779 258739
780 323177
781 197022
782 32309
783 40453
784 143359
785 63570
786 54460
787 253828
788 24333
789 62773
790 38514
791 70152
792 4558
793 29657
794 274349
795 18500
796 27412
797 201864
798 678
799 298721
800 33006
801 39904
802 422576
803 167271
804 1405
805 396310
806 92065
807 140782
808 85321
809 9525
810 66390
811 69566
812 181609
813 16069
814 740757
815 74566
816 33245
817 48697
818 4924
819 130950
820 323474
821 1624607
822 89750
823 25079
824 116646
825 397024
826 50716
827 10372
828 86784
829 70434
830 265859
831 86716
832 248070
833 152269
834 161639
835 158571
836 468561
837 35861
838 209773
839 24775
840 151913
841 16844
842 45418
843 188279
844 25505
845 544637
846 92855
847 134271
848 28508
849 28078
850 2386
851 658301
852 56921
853 42659
854 28543
855 29134
856 36471
857 8663
858 205737
859 14671
860 33624
861 103872
862 69843
863 26280
864 308374
865 50994
866 260341
867 28159
868 2912651
869 133809
870 121124
871 257209
872 9357
873 18704
874 177527
875 10828
876 10285
877 98324
878 115773
879 380241
880 132962
881 3626
882 321202
883 46503
884 280198
885 204900
886 172046
887 26613
888 23189
889 268771
890 162588
891 214406
892 2398
893 140269
894 12995
895 81921
896 78044
897 581272
898 26240
899 150262
900 257653
901 418566
902 107187
903 212714
904 4417
905 11259
906 42047
907 11450
908 144490
909 98709
910 4373
911 391923
912 485586
913 652248
914 14709
915 7217
916 48208
917 79311
918 20496
919 2664
920 98273
921 45537
922 173381
923 73928
924 40938
925 50069
926 86231
927 57228
928 38082
929 23480
930 45871
931 23083
932 5293
933 40702
934 8471
935 42375
936 70784
937 114628
938 993262
939 27030
940 185185
941 56535
942 192152
943 94447
944 91811
945 223429
946 84489
947 13284
948 4935
949 77242
950 173003
951 51480
952 89072
953 651874
954 65476
955 86670
956 100282
957 24113
958 108454
959 56145
960 81809
961 48112
962 24931
963 243882
964 77784
965 42234
966 13871
967 13344
968 83419
969 43423
970 60883
971 354285
972 18226
973 104972
974 240684
975 295210
976 32592
977 4400
978 16747
979 149350
980 45525
981 11588
982 215709
983 579034
984 30380
985 7754
986 50074
987 27582
988 409719
989 71144
990 37732
991 27333
992 159001
993 121214
994 40535
995 31645
996 175033
997 220421
998 55891
999 22168
1000 417613
1001 100656
1002 17922
1003 3667
1004 86868
1005 33502
1006 93635
1007 91155
1008 185053
1009 34055
1010 235057
1011 127427
1012 31968
1013 518099
1014 176171
1015 97391
1016 26035
1017 4943
1018 65040
1019 737567
1020 361821
1021 312507
1022 59242
1023 57975
1024 504230
1025 39421
1026 908574
1027 167479
1028 29694
1029 39393
1030 83383
1031 56271
1032 375779
1033 22553
1034 498985
1035 24912
1036 63593
1037 40193
1038 43831
1039 107001
1040 79659
1041 74046
1042 24390
1043 13042
1044 37684
1045 210096
1046 241997
1047 99548
1048 117587
1049 29229
1050 9035
1051 90401
1052 76428
1053 145871
1054 58627
1055 139906
1056 20285
1057 18973
1058 171470
1059 46147
1060 26195
1061 101200
1062 56923
1063 350862
1064 3885
1065 187500
1066 73469
1067 110965
1068 99527
1069 104171
1070 57691
1071 163420
1072 710847
1073 198558
1074 25851
1075 75195
1076 351619
1077 30196
1078 8634
1079 40091
1080 120621
1081 27267
1082 131362
1083 63721
1084 225838
1085 30051
1086 260376
1087 288742
1088 30490
1089 256519
1090 314159
1091 31733
1092 38312
1093 71187
1094 337563
1095 32137
1096 10098
1097 213011
1098 35416
1099 260150
1100 95003
1101 17242
1102 209613
1103 172192
1104 105551
1105 35374
1106 50008
1107 109096
1108 11975
1109 336596
1110 102452
1111 531794
1112 34851
1113 7482
1114 45858
1115 99984
1116 110958
1117 9403
1118 51941
1119 114608
1120 11451
1121 49935
1122 196042
1123 77465
1124 12590
1125 103611
1126 118785
1127 29888
1128 48536
1129 5730
1130 298731
1131 69098
1132 3046
1133 22932
1134 24378
1135 55254
1136 102771
1137 103501
1138 75884
1139 37536
1140 77547
1141 15761
1142 124627
1143 42692
1144 61938
1145 50382
1146 23839
1147 31042
1148 77332
1149 175873
1150 243035
1151 36818
1152 15428
1153 30550
1154 30264
1155 40016
1156 320832
1157 332616
1158 83082
1159 98031
1160 16410
1161 186108
1162 56611
1163 10719
1164 68354
1165 71919
1166 278795
1167 150551
1168 368827
1169 56165
1170 59107
1171 137855
1172 8853
1173 100033
1174 137978
1175 24923
1176 62186
1177 65586
1178 23049
1179 88203
1180 834042
1181 61457
1182 450456
1183 30947
1184 28891
1185 80967
1186 80337
1187 50071
1188 54041
1189 111325
1190 75748
1191 20295
1192 280583
1193 113822
1194 215947
1195 14164
1196 35932
1197 3060
1198 441074
1199 23992
1200 227325
1201 152993
1202 238592
1203 395155
1204 31869
1205 165299
1206 46458
1207 90394
1208 22304
1209 187145
1210 17869
1211 140405
1212 156878
1213 284792
1214 63230
1215 9244
1216 25847
1217 57268
1218 178217
1219 50700
1220 3524
1221 11827
1222 64929
1223 20737
1224 145300
1225 759521
1226 5957
1227 31765
1228 896740
1229 19181
1230 148526
1231 6862
1232 160161
1233 188759
1234 82443
1235 47708
1236 121085
1237 45667
1238 610484
1239 283489
1240 185235
1241 98193
1242 6195
1243 180698
1244 5493
1245 66355
1246 97159
1247 2084772
1248 12237
1249 71397
1250 8002
1251 104814
1252 63770
1253 35076
1254 135830
1255 42219
1256 94380
1257 45204
1258 3215
1259 16416
1260 57520
1261 20357
1262 39384
1263 764451
1264 32260
1265 8068
1266 50059
1267 1431
1268 263112
1269 318143
1270 247005
1271 173636
1272 108493
1273 69524
1274 78092
1275 383199
1276 9322
1277 8616
1278 47769
1279 69547
1280 150976
1281 280962
1282 60888
1283 2774
1284 241938
1285 78012
1286 84476
1287 86967
1288 124520
1289 43157
1290 41195
1291 53566
1292 39529
1293 250139
1294 470315
1295 48212
1296 39138
1297 2282
1298 101900
1299 73576
1300 87561
1301 40547
1302 1323758
1303 34938
1304 370916
1305 22442
1306 214817
1307 67935
1308 11190
1309 1622618
1310 24448
1311 65909
1312 252429
1313 118878
1314 52896
1315 3363
1316 10838
1317 93584
1318 43677
1319 59610
1320 177143
1321 1019875
1322 2302
1323 56105
1324 67641
1325 63674
1326 13121
1327 713999
1328 475238
1329 252771
1330 121496
1331 844397
1332 63052
1333 62199
1334 207277
1335 148813
1336 184636
1337 16429
1338 29558
1339 14386
1340 632146
1341 17046
1342 1739590
1343 46284
1344 30375
1345 303112
1346 550093
1347 38359
1348 150792
1349 18440
1350 25084
1351 82620
1352 84215
1353 220879
1354 24414
1355 343316
1356 385182
1357 3320
1358 219828
1359 127192
1360 327397
1361 5204
1362 9085
1363 25942
1364 26603
1365 460037
1366 191626
1367 77779
1368 104844
1369 43950
1370 62966
1371 90614
1372 22042
1373 90005
1374 83448
1375 24557
1376 73020
1377 29656
1378 11387
1379 781793
1380 6030
1381 26684
1382 280888
1383 341556
1384 4341
1385 89483
1386 151269
1387 37159
1388 3066045
1389 477786
1390 382892
1391 111366
1392 155566
1393 101810
1394 34566
1395 298068
1396 169709
1397 227696
1398 102467
1399 82997
1400 9506
1401 66292
1402 9279
1403 302439
1404 137200
1405 226643
1406 40882
1407 153910
1408 90644
1409 221216
1410 493687
1411 57713
1412 282083
1413 22312
1414 26291
1415 12546
1416 368677
1417 122347
1418 26948
1419 117523
1420 4102
1421 103615
1422 110228
1423 153545
1424 442332
1425 47974
1426 23011
1427 35065
1428 320676
1429 53158
1430 453417
1431 51766
1432 81702
1433 35572
1434 633207
1435 47790
1436 22422
1437 32222
1438 56984
1439 108698
1440 90662
1441 27507
1442 180434
1443 143838
1444 28655
1445 2115
1446 24394
1447 53023
1448 1418531
1449 11677
1450 130109
1451 7257
1452 12101
1453 214973
1454 217258
1455 106903
1456 37217
1457 1035743
1458 48664
1459 127201
1460 60263
1461 74871
1462 325193
1463 19898
1464 69212
1465 159828
1466 211827
1467 36378
1468 23360
1469 116233
1470 209114
1471 68250
1472 30705
1473 57888
1474 302731
1475 99978
1476 106903
1477 398302
1478 45118
1479 11477
1480 59387
1481 190682
1482 16452
1483 99335
1484 188997
1485 10433
1486 39345
1487 74394
1488 37825
1489 62963
1490 485213
1491 52015
1492 8115
1493 7893
1494 53920
1495 19328
1496 63151
1497 53657
1498 94595
1499 112225
