1 1093
2 6494
3 61541
4 29184
5 228580
6 1281
7 6740
8 10658
9 20296
10 1337
11 483029
12 101300
13 128495
14 4821
15 23536
16 233391
17 62872
18 23962
19 11864
20 145188
21 5204
22 468457
23 75247
24 12619
25 54698
26 8331
27 189584
28 99521
29 75223
30 113279
31 110180
32 30220
33 30030
34 572501
35 151030
36 132852
37 46826
38 248421
39 571
40 81743
41 10307
42 1988
43 2116
44 5896
45 2872
46 2295
47 570024
48 146294
49 140528
50 300265
51 5092
52 149132
53 2168
54 6825
55 41988
56 143702
57 41359
58 23765
59 7512
60 198783
61 9109
62 432477
63 2179
64 20807
65 503315
66 128936
67 150260
68 189825
69 8301
70 183668
71 25584
72 141489
73 6106
74 238718
75 20682
76 144246
77 185814
78 185587
79 206282
80 99424
81 190576
82 125946
83 77180
84 1855
85 301746
86 29372
87 1720
88 32029
89 192581
90 202129
91 1381
92 143126
93 189049
94 404947
95 2304
96 1589
97 81036
98 101508
99 145572
100 282174
101 191078
102 25919
103 195602
104 42972
105 166328
106 60490
107 250192
108 16221
109 7557
110 1628
111 58463
112 82899
113 113073
114 76264
115 261060
116 72140
117 60197
118 3634
119 386473
120 4137
121 7073
122 6383
123 96121
124 302233
125 75137
126 875
127 231546
128 2137
129 51354
130 15267
131 200550
132 19143
133 56786
134 1558
135 2423
136 49209
137 30802
138 2059
139 1749
140 76217
141 372644
142 10650
143 59019
144 1693
145 141697
146 78456
147 129136
148 101548
149 294641
150 12717
151 157202
152 42452
153 232630
154 34732
155 43090
156 1427
157 268818
158 2291
159 1480
160 110989
161 14309
162 43609
163 11238
164 152527
165 81290
166 147032
167 2056
168 113626
169 106439
170 188908
171 830
172 249604
173 1267
174 1421
175 34595
176 58571
177 5368
178 298872
179 76572
180 383946
181 112531
182 74339
183 42232
184 1752
185 56550
186 143161
187 225883
188 90906
189 126192
190 163274
191 325466
192 113348
193 37641
194 393025
195 190444
196 96494
197 7985
198 61493
199 2161
200 458091
201 1172
202 14358
203 37450
204 427937
205 52382
206 15652
207 191019
208 5229
209 42575
210 74166
211 188233
212 7713
213 5276
214 382607
215 1050
216 10666
217 184513
218 32065
219 9979
220 49258
221 1613
222 1950
223 114732
224 10555
225 1193
226 230009
227 301388
228 183261
229 53997
230 65036
231 8125
232 401838
233 127894
234 49320
235 128356
236 12399
237 25201
238 142182
239 57681
240 141809
241 61138
242 54845
243 390014
244 797
245 1508
246 26084
247 130014
248 59791
249 1514
250 10283
251 6771
252 230533
253 81707
254 1752
255 27630
256 11331
257 243581
258 110574
259 1591
260 350447
261 2116
262 2244
263 189726
264 1359
265 20978
266 185538
267 16844
268 111479
269 26545
270 60379
271 1627
272 113764
273 226534
274 12198
275 119329
276 377584
277 1371
278 149531
279 465980
280 35923
281 11515
282 11607
283 23546
284 41680
285 1764
286 148670
287 46064
288 186187
289 12685
290 145943
291 37145
292 231475
293 63315
294 7431
295 110074
296 479945
297 1449
298 59790
299 182239
300 131829
301 477682
302 36056
303 228141
304 53805
305 58637
306 193357
307 124601
308 218121
309 82011
310 192453
311 90382
312 103033
313 72476
314 39279
315 298742
316 929
317 1812
318 1925
319 60622
320 287676
321 1643
322 60367
323 103078
324 298842
325 20394
326 141882
327 239477
328 1287
329 24613
330 196089
331 1753
332 132401
333 14445
334 183143
335 22036
336 185938
337 231656
338 7857
339 432561
340 10693
341 31860
342 10382
343 119080
344 790
345 17696
346 297809
347 1459
348 235896
349 460517
350 1435
351 77621
352 3495
353 58734
354 381093
355 380998
356 4603
357 25894
358 64932
359 471789
360 182786
361 253870
362 236178
363 72327
364 1433
365 81960
366 139170
367 153837
368 2079
369 142090
370 1040
371 182375
372 1759
373 192091
374 189804
375 8000
376 152043
377 78758
378 7133
379 101748
380 22759
381 223893
382 22648
383 229372
384 165663
385 58413
386 1231
387 2117
388 63005
389 15976
390 143469
391 189611
392 19123
393 140738
394 33923
395 371121
396 117172
397 29375
398 185378
399 177326
400 6318
401 159689
402 1880
403 285777
404 34859
405 33988
406 30026
407 208591
408 104060
409 110160
410 107012
411 321596
412 187516
413 139978
414 1171
415 181577
416 230484
417 1086
418 4080
419 251685
420 18056
421 648
422 28408
423 31167
424 28854
425 2276
426 143896
427 6872
428 384932
429 105294
430 37057
431 2492
432 285490
433 226050
434 19688
435 371035
436 69695
437 228010
438 386948
439 148512
440 121384
441 1534
442 7437
443 1206
444 41132
445 60055
446 44069
447 186991
448 5400
449 57451
450 290368
451 31335
452 5818
453 251043
454 47979
455 62532
456 201308
457 57845
458 1394
459 299284
460 56306
461 311217
462 149451
463 392196
464 17441
465 77561
466 1309
467 200933
468 71576
469 468215
470 1956
471 156886
472 7743
473 146607
474 40994
475 73149
476 10625
477 145898
478 467842
479 295373
480 287314
481 1452
482 5483
483 139544
484 7875
485 81085
486 83414
487 384839
488 1931
489 907
490 107680
491 16331
492 1679
493 309235
494 41201
495 386378
496 389003
497 303727
498 148065
499 112603
500 254238
501 2319
502 60385
503 16450
504 1014
505 144934
506 26402
507 81092
508 29704
509 106687
510 9312
511 41624
512 76273
513 4945
514 198828
515 1647
516 1486
517 2739
518 1642
519 25067
520 229896
521 295972
522 104305
523 58765
524 1772
525 58213
526 192825
527 111013
528 13553
529 285644
530 33522
531 13608
532 256807
533 301599
534 75303
535 25380
536 309032
537 467936
538 44347
539 1604
540 57657
541 41380
542 312221
543 56052
544 140343
545 799
546 201183
547 101406
548 384395
549 55446
550 140404
551 68667
552 60972
553 7448
554 78229
555 2143
556 191942
557 9725
558 261778
559 82009
560 277427
561 131056
562 159205
563 32786
564 2045
565 2224
566 1356
567 63447
568 239771
569 306245
570 373332
571 63795
572 24860
573 135370
574 61604
575 1205
576 229588
577 1586
578 472006
579 24324
580 42437
581 213877
582 14581
583 16032
584 291597
585 8824
586 387455
587 184992
588 188765
589 7036
590 60661
591 183360
592 32637
593 1769
594 234221
595 21370
596 1971
597 11101
598 318101
599 81002
600 471466
601 198919
602 230813
603 230489
604 1392
605 189053
606 113380
607 10346
608 19187
609 60618
610 63187
611 387580
612 10741
613 6327
614 289788
615 383406
616 105042
617 104701
618 74375
619 227187
620 57669
621 183488
622 8771
623 1770
624 14859
625 109819
626 107652
627 355905
628 17125
629 19571
630 254470
631 233626
632 2254
633 18563
634 192732
635 232657
636 27942
637 373154
638 8005
639 385860
640 2079
641 16761
642 59243
643 127312
644 774
645 310464
646 54676
647 1726
648 12538
649 380432
650 39687
651 10013
652 7875
653 73263
654 2143
655 6295
656 8868
657 112378
658 130293
659 109516
660 147053
661 139398
662 4684
663 58499
664 40672
665 64060
666 198083
667 11207
668 8103
669 233033
670 103504
671 17335
672 56869
673 8480
674 374076
675 1689
676 9466
677 114653
678 379331
679 110501
680 17427
681 72296
682 58628
683 234500
684 227646
685 366968
686 59782
687 21281
688 29107
689 17111
690 31470
691 40545
692 186553
693 469338
694 100719
695 373508
696 87907
697 74826
698 378405
699 187081
700 39118
701 16265
702 1271
703 82429
704 133490
705 433339
706 233900
707 105372
708 83023
709 202282
710 46641
711 32957
712 22154
713 64596
714 29649
715 8806
716 39075
717 242572
718 131110
719 190579
720 109610
721 21360
722 63357
723 19111
724 114209
725 6946
726 458953
727 41844
728 230184
729 127184
730 380883
731 305380
732 46146
733 1503
734 56489
735 128237
736 24957
737 41838
738 55064
739 7561
740 1704
741 290238
742 228238
743 7728
744 39592
745 109146
746 184716
747 230637
748 476468
749 57550
750 310143
751 41165
752 1860
753 80718
754 85917
755 17820
756 1101
757 16253
758 25106
759 1879
760 30545
761 9891
762 19601
763 1134
764 156482
765 29570
766 40205
767 1302
768 1989
769 76462
770 2041
771 106503
772 11976
773 118695
774 155160
775 108665
776 17618
777 114594
778 228144
779 299848
780 147804
781 40061
782 188782
783 182299
784 129200
785 108207
786 105466
787 77102
788 1469
789 15805
790 51762
791 7748
792 883
793 121886
794 167568
795 62534
796 29613
797 2721
798 651
799 88169
800 75064
801 3066
802 235249
803 1699
804 858
805 248551
806 100217
807 29997
808 306238
809 24590
810 144691
811 184953
812 309064
813 7579
814 479498
815 226566
816 187175
817 186410
818 964
819 192924
820 383170
821 686595
822 141230
823 54675
824 12115
825 2399
826 1875
827 1365
828 72445
829 7211
830 196251
831 157722
832 111138
833 37989
834 2174
835 238857
836 191325
837 185157
838 86645
839 1621
840 156480
841 1525
842 2493
843 319983
844 60690
845 235957
846 82781
847 46026
848 115323
849 95342
850 1682
851 480698
852 1714
853 25700
854 7337
855 57587
856 6516
857 24286
858 130752
859 1711
860 192167
861 7231
862 10318
863 8941
864 389333
865 111150
866 354466
867 183941
868 667573
869 1598
870 235168
871 118843
872 79393
873 46083
874 5979
875 111786
876 22656
877 142475
878 223031
879 298536
880 26693
881 652
882 294692
883 184557
884 290620
885 7925
886 251275
887 177513
888 1675
889 33077
890 2540
891 251096
892 1101
893 2003
894 28988
895 15250
896 1739
897 458332
898 1580
899 18008
900 61757
901 386567
902 15883
903 376724
904 977
905 7490
906 187432
907 1391
908 105012
909 163532
910 1668
911 377907
912 148226
913 356705
914 44973
915 1265
916 178782
917 234975
918 26255
919 1093
920 55668
921 139763
922 10112
923 29551
924 8568
925 5429
926 81875
927 227202
928 217852
929 4490
930 25783
931 124576
932 1787
933 78161
934 1224
935 188167
936 1758
937 231151
938 297357
939 7141
940 258681
941 172547
942 263990
943 35056
944 24521
945 293307
946 233190
947 21854
948 1820
949 85068
950 250383
951 1672
952 2051
953 242842
954 43210
955 33344
956 9389
957 178850
958 2377
959 6988
960 106398
961 9420
962 1561
963 79228
964 43574
965 68782
966 1410
967 1662
968 231916
969 92218
970 48753
971 308029
972 42876
973 195965
974 202522
975 391306
976 10100
977 16941
978 2099
979 231034
980 39358
981 113603
982 6066
983 400343
984 125490
985 7590
986 25628
987 8544
988 296899
989 8518
990 17936
991 1665
992 294802
993 193350
994 142176
995 109940
996 88806
997 2652
998 24255
999 3776
1000 82427
1001 147212
1002 143184
1003 6874
1004 4452
1005 79545
1006 82106
1007 308746
1008 13814
1009 5300
1010 200713
1011 139486
1012 180350
1013 115501
1014 293410
1015 104671
1016 42847
1017 1244
1018 182799
1019 473077
1020 257488
1021 376330
1022 7659
1023 11021
1024 465981
1025 2409
1026 156071
1027 2094
1028 26675
1029 7141
1030 230770
1031 272721
1032 190966
1033 9260
1034 307840
1035 60176
1036 179481
1037 2012
1038 131499
1039 8291
1040 232924
1041 13033
1042 3453
1043 2120
1044 22189
1045 152051
1046 48017
1047 230475
1048 40683
1049 1567
1050 6501
1051 34480
1052 73572
1053 43242
1054 7100
1055 85320
1056 141244
1057 143601
1058 126688
1059 59980
1060 1802
1061 16812
1062 129192
1063 188904
1064 1110
1065 1811
1066 59172
1067 1827
1068 17152
1069 31954
1070 190349
1071 1674
1072 481957
1073 358702
1074 29657
1075 189875
1076 189384
1077 109775
1078 1322
1079 27532
1080 29923
1081 99411
1082 18335
1083 21751
1084 387998
1085 8625
1086 82694
1087 203980
1088 186964
1089 374947
1090 126715
1091 6615
1092 4844
1093 45875
1094 356219
1095 1682
1096 25553
1097 372331
1098 124332
1099 375754
1100 8955
1101 29688
1102 297674
1103 389812
1104 27256
1105 25478
1106 1424
1107 14024
1108 2361
1109 241948
1110 12484
1111 329838
1112 17850
1113 1363
1114 6685
1115 232927
1116 229866
1117 42594
1118 12034
1119 40155
1120 25168
1121 55818
1122 243027
1123 44526
1124 19735
1125 22152
1126 236020
1127 48722
1128 18442
1129 23277
1130 386542
1131 189263
1132 855
1133 11287
1134 29656
1135 55778
1136 129034
1137 6606
1138 98798
1139 8158
1140 101094
1141 1731
1142 5861
1143 52697
1144 182949
1145 12636
1146 1602
1147 188581
1148 184192
1149 6378
1150 126119
1151 7165
1152 16654
1153 1897
1154 36712
1155 2015
1156 14140
1157 382704
1158 180379
1159 108681
1160 1558
1161 122192
1162 180558
1163 44159
1164 58631
1165 61782
1166 76687
1167 153691
1168 385955
1169 180524
1170 120042
1171 75238
1172 68885
1173 225053
1174 74391
1175 29549
1176 233842
1177 145014
1178 5886
1179 113197
1180 464696
1181 107912
1182 463947
1183 39116
1184 85584
1185 40715
1186 307553
1187 25339
1188 105879
1189 146586
1190 146417
1191 2074
1192 323208
1193 34741
1194 129010
1195 1508
1196 182175
1197 820
1198 195810
1199 23000
1200 40272
1201 379351
1202 30057
1203 196371
1204 5124
1205 104437
1206 1844
1207 233995
1208 42691
1209 67293
1210 1502
1211 132175
1212 199651
1213 87157
1214 181239
1215 7286
1216 10107
1217 10191
1218 281525
1219 9066
1220 811
1221 8919
1222 196180
1223 138731
1224 226592
1225 465993
1226 819
1227 1460
1228 10456
1229 12156
1230 144930
1231 935
1232 9260
1233 289371
1234 63648
1235 1704
1236 1910
1237 7286
1238 460976
1239 380524
1240 99679
1241 7505
1242 959
1243 147015
1244 23705
1245 1762
1246 126711
1247 575179
1248 45182
1249 183239
1250 10698
1251 31052
1252 108416
1253 58303
1254 147700
1255 29169
1256 5217
1257 77933
1258 1186
1259 74679
1260 33541
1261 18862
1262 61956
1263 468605
1264 193052
1265 950
1266 111698
1267 5592
1268 156830
1269 199334
1270 128440
1271 303431
1272 188784
1273 164392
1274 113398
1275 378006
1276 946
1277 26121
1278 24859
1279 190771
1280 197578
1281 251080
1282 74451
1283 6459
1284 248486
1285 42593
1286 184356
1287 99432
1288 4617
1289 39730
1290 16897
1291 80993
1292 5902
1293 7770
1294 370447
1295 2080
1296 8574
1297 1311
1298 1464
1299 39355
1300 40635
1301 184686
1302 50716
1303 7601
1304 2079
1305 15986
1306 99953
1307 105674
1308 7098
1309 436932
1310 20879
1311 225214
1312 58443
1313 191819
1314 21561
1315 18490
1316 1268
1317 25174
1318 5892
1319 30183
1320 196942
1321 46555
1322 726
1323 40796
1324 77508
1325 62054
1326 9408
1327 474487
1328 195121
1329 127435
1330 60906
1331 242748
1332 58061
1333 1766
1334 2369
1335 228389
1336 7419
1337 15295
1338 61000
1339 59763
1340 467868
1341 1683
1342 424500
1343 21755
1344 28043
1345 7382
1346 379393
1347 1692
1348 154832
1349 14331
1350 1502
1351 141965
1352 7674
1353 246356
1354 15103
1355 292534
1356 16528
1357 546
1358 368078
1359 38347
1360 400604
1361 19230
1362 1571
1363 1576
1364 58519
1365 359891
1366 197402
1367 27514
1368 56524
1369 74275
1370 189873
1371 182760
1372 79708
1373 228802
1374 81985
1375 1790
1376 18899
1377 75953
1378 5372
1379 86548
1380 18584
1381 45137
1382 242734
1383 453139
1384 6222
1385 24809
1386 56523
1387 9231
1388 482272
1389 87638
1390 124698
1391 196838
1392 126611
1393 102828
1394 191975
1395 380404
1396 20295
1397 379362
1398 96616
1399 187825
1400 9883
1401 76819
1402 6774
1403 377164
1404 189482
1405 302756
1406 40905
1407 189309
1408 226805
1409 79382
1410 381873
1411 187628
1412 387075
1413 140084
1414 57300
1415 1526
1416 117571
1417 17019
1418 1406
1419 41881
1420 5676
1421 235890
1422 62661
1423 19703
1424 197720
1425 6154
1426 81593
1427 1750
1428 360854
1429 109345
1430 168936
1431 187190
1432 224950
1433 1873
1434 469858
1435 194252
1436 31513
1437 113321
1438 180487
1439 99231
1440 31673
1441 72814
1442 12048
1443 237198
1444 68287
1445 814
1446 20626
1447 36844
1448 309569
1449 1516
1450 1625
1451 109650
1452 16093
1453 22088
1454 39928
1455 1765
1456 17108
1457 248004
1458 16964
1459 84371
1460 80474
1461 227598
1462 519111
1463 13369
1464 56685
1465 2103
1466 250535
1467 121919
1468 6626
1469 75222
1470 246841
1471 226087
1472 1207
1473 31572
1474 130293
1475 116730
1476 158939
1477 251479
1478 9283
1479 1133
1480 188154
1481 203364
1482 2949
1483 32196
1484 314309
1485 37275
1486 1762
1487 91607
1488 179180
1489 93132
1490 366991
1491 4114
1492 12134
1493 1592
1494 128573
1495 78187
1496 43683
1497 55075
1498 131462
1499 17732
