1 2821
2 3001
3 4515
4 3280
5 4105
6 3414
7 2735
8 3273
9 6923
10 3725
11 7692
12 5132
13 6675
14 2941
15 4381
16 5563
17 3907
18 2607
19 8745
20 11569
21 5943
22 7770
23 5686
24 6745
25 6926
26 3720
27 6002
28 6482
29 7037
30 5514
31 7288
32 6234
33 4793
34 14996
35 10071
36 8672
37 3800
38 7877
39 823
40 3687
41 4633
42 7075
43 10040
44 6132
45 1964
46 5520
47 13068
48 10163
49 2727
50 4904
51 5640
52 5720
53 5386
54 3241
55 3964
56 5831
57 4887
58 9328
59 1362
60 8742
61 3141
62 7313
63 1791
64 8798
65 6468
66 4745
67 5566
68 6280
69 5584
70 4439
71 4170
72 4587
73 2880
74 4875
75 2882
76 2759
77 4783
78 3937
79 6824
80 3167
81 5660
82 5036
83 4446
84 6648
85 15355
86 4171
87 3094
88 7746
89 8436
90 7502
91 2444
92 4929
93 5227
94 8530
95 1969
96 2439
97 3705
98 5034
99 5522
100 7284
101 3579
102 3925
103 7663
104 6249
105 7361
106 7160
107 17539
108 4273
109 3259
110 3769
111 3761
112 5158
113 6742
114 4917
115 7179
116 5751
117 4764
118 1474
119 7274
120 4829
121 3221
122 7267
123 11027
124 8191
125 6810
126 1584
127 5437
128 4391
129 3603
130 4370
131 5198
132 6792
133 8847
134 5371
135 6086
136 3256
137 3797
138 4264
139 4585
140 3495
141 6304
142 1906
143 4849
144 4294
145 2476
146 6206
147 5817
148 6506
149 8002
150 4775
151 9426
152 6243
153 5393
154 7815
155 4032
156 4980
157 4429
158 8601
159 6033
160 3108
161 9380
162 5691
163 6433
164 6915
165 4508
166 6203
167 12916
168 3877
169 6793
170 8935
171 2018
172 16328
173 5044
174 6440
175 6871
176 6973
177 2954
178 7676
179 3312
180 7650
181 5389
182 6081
183 9105
184 5846
185 6851
186 6710
187 5912
188 5782
189 9044
190 11532
191 19994
192 4720
193 5122
194 7107
195 4190
196 6540
197 4361
198 5055
199 5668
200 9806
201 1784
202 8814
203 5255
204 11936
205 4474
206 3677
207 5183
208 6134
209 6110
210 3978
211 4103
212 4785
213 5651
214 5711
215 1075
216 7267
217 4620
218 3809
219 3468
220 2492
221 5156
222 4393
223 7583
224 4568
225 1778
226 5463
227 6012
228 7518
229 5890
230 7684
231 5716
232 6800
233 4206
234 2191
235 11489
236 1812
237 4555
238 3268
239 3390
240 4824
241 6470
242 3704
243 6380
244 2960
245 4241
246 2676
247 9560
248 4953
249 3849
250 3989
251 4253
252 5390
253 4656
254 4347
255 7609
256 7435
257 11266
258 2479
259 2999
260 7151
261 4713
262 6400
263 4112
264 2054
265 4149
266 4570
267 6782
268 4113
269 5627
270 3234
271 3871
272 6384
273 5100
274 2594
275 4261
276 8476
277 2765
278 12800
279 9515
280 4798
281 6049
282 11675
283 5629
284 4045
285 5861
286 3568
287 3689
288 5041
289 1826
290 6065
291 10252
292 7901
293 5466
294 2877
295 4247
296 7760
297 4202
298 5364
299 9067
300 9391
301 17566
302 10852
303 6310
304 5048
305 5177
306 4202
307 7197
308 9842
309 5083
310 5293
311 7450
312 9482
313 5316
314 5488
315 5532
316 1999
317 4540
318 5465
319 6452
320 6508
321 5995
322 6653
323 11312
324 10174
325 4170
326 3355
327 8842
328 4812
329 8463
330 4562
331 6620
332 5194
333 2543
334 5241
335 6034
336 4884
337 4677
338 2859
339 17990
340 2866
341 6081
342 2898
343 4598
344 1406
345 2250
346 8523
347 4876
348 6116
349 10139
350 3682
351 12395
352 3680
353 5226
354 9476
355 5057
356 5169
357 7617
358 10379
359 11935
360 5075
361 6972
362 6908
363 5488
364 2870
365 5498
366 4147
367 3727
368 2629
369 5550
370 1401
371 4658
372 4147
373 4838
374 4799
375 5782
376 5527
377 7105
378 6187
379 6128
380 4641
381 4179
382 9197
383 4879
384 4855
385 5656
386 2168
387 6487
388 6441
389 6314
390 6177
391 9881
392 3094
393 4877
394 3281
395 8040
396 4838
397 5812
398 4495
399 5411
400 2781
401 8424
402 12900
403 37024
404 10433
405 5089
406 5116
407 7133
408 5063
409 7329
410 9059
411 11268
412 5225
413 4732
414 4433
415 3867
416 9717
417 5455
418 6597
419 11723
420 9143
421 1555
422 3973
423 6362
424 4096
425 5422
426 4655
427 3378
428 5879
429 4181
430 3325
431 3600
432 3560
433 4107
434 6891
435 6021
436 5885
437 4556
438 6465
439 6851
440 3728
441 3013
442 2891
443 3186
444 3222
445 4411
446 1929
447 5509
448 5172
449 8011
450 5310
451 8172
452 8288
453 6364
454 7507
455 11855
456 5401
457 8498
458 3708
459 7173
460 5943
461 9861
462 5719
463 8747
464 6928
465 2719
466 3076
467 6126
468 3050
469 12176
470 6950
471 7745
472 4433
473 5540
474 2144
475 4216
476 3751
477 4672
478 6791
479 9208
480 7746
481 4186
482 4884
483 2557
484 4271
485 3552
486 4992
487 7446
488 7150
489 837
490 6348
491 1361
492 4192
493 12783
494 4058
495 7723
496 10250
497 4942
498 5664
499 6210
500 7486
501 4727
502 2899
503 3470
504 1159
505 2941
506 3201
507 3690
508 3471
509 5663
510 3874
511 6682
512 7369
513 7097
514 5745
515 3182
516 3339
517 5840
518 5897
519 2959
520 5598
521 4445
522 3869
523 9800
524 5892
525 4254
526 5188
527 4531
528 6807
529 6032
530 4304
531 6935
532 16201
533 5055
534 3901
535 3695
536 13872
537 7035
538 3351
539 5165
540 7084
541 3060
542 13576
543 3006
544 4613
545 1484
546 7526
547 2965
548 7791
549 5687
550 2576
551 8198
552 9805
553 11813
554 3228
555 3923
556 5930
557 4184
558 9307
559 3765
560 6260
561 7437
562 3676
563 5288
564 2570
565 5015
566 2173
567 5169
568 8684
569 6127
570 5922
571 5775
572 2662
573 4233
574 3524
575 1838
576 6607
577 2567
578 12431
579 11930
580 4274
581 6978
582 4537
583 6722
584 6069
585 5323
586 6109
587 4298
588 9988
589 4691
590 11606
591 4307
592 4537
593 4446
594 5900
595 3843
596 6985
597 3234
598 9715
599 6498
600 11510
601 8822
602 5057
603 3678
604 3460
605 7212
606 5831
607 2960
608 4734
609 4225
610 4858
611 10852
612 6494
613 3072
614 7876
615 8230
616 6456
617 5424
618 5458
619 7592
620 4162
621 3467
622 6085
623 5865
624 4198
625 6581
626 8106
627 14707
628 4049
629 4960
630 13333
631 6516
632 4824
633 7691
634 5087
635 8393
636 6133
637 5893
638 2663
639 6685
640 2873
641 4462
642 6240
643 7401
644 1342
645 7904
646 4466
647 4156
648 3649
649 6250
650 2911
651 4995
652 8206
653 6116
654 6169
655 2445
656 3785
657 5928
658 6506
659 4160
660 7268
661 3220
662 5595
663 3721
664 4470
665 5602
666 5168
667 9454
668 2634
669 4129
670 4503
671 1981
672 3637
673 7241
674 5344
675 5793
676 3816
677 5679
678 6833
679 5110
680 3602
681 4554
682 4546
683 6306
684 4452
685 15897
686 4267
687 7625
688 4625
689 5078
690 4574
691 4799
692 4443
693 10696
694 6831
695 6893
696 3117
697 4259
698 7292
699 4056
700 4659
701 5652
702 3189
703 5110
704 8151
705 15065
706 4633
707 6972
708 6421
709 5219
710 9632
711 5560
712 8715
713 6959
714 5198
715 6450
716 8708
717 12385
718 8784
719 8227
720 26945
721 8815
722 5676
723 4784
724 3602
725 2000
726 7816
727 4563
728 5212
729 3825
730 7333
731 7493
732 2855
733 2691
734 4357
735 3810
736 4324
737 3948
738 5608
739 2653
740 4472
741 7752
742 5573
743 4524
744 4572
745 6239
746 4134
747 7765
748 13337
749 2941
750 11059
751 4860
752 3969
753 6226
754 7263
755 8090
756 2364
757 1449
758 8967
759 5084
760 3591
761 4929
762 3522
763 2549
764 4226
765 3838
766 3222
767 2912
768 4277
769 6359
770 6242
771 3838
772 6104
773 5181
774 4034
775 4067
776 4484
777 8938
778 6726
779 9483
780 9102
781 7704
782 5204
783 5201
784 7038
785 5049
786 7158
787 5372
788 4257
789 4759
790 5766
791 5121
792 2356
793 3625
794 6112
795 2872
796 4152
797 3920
798 856
799 10998
800 5944
801 4101
802 9452
803 7118
804 1558
805 8696
806 4639
807 8708
808 5046
809 2372
810 5117
811 4580
812 7566
813 5062
814 13481
815 5646
816 4528
817 5144
818 3119
819 6976
820 6608
821 17195
822 6366
823 4044
824 7069
825 6840
826 6033
827 3746
828 5074
829 4650
830 6501
831 5110
832 6034
833 7787
834 5930
835 7841
836 9323
837 4650
838 5884
839 4627
840 5718
841 3556
842 5902
843 5371
844 4735
845 9463
846 10284
847 4731
848 5452
849 3943
850 2078
851 11319
852 4048
853 5879
854 2670
855 3232
856 6449
857 2825
858 9532
859 4670
860 5074
861 8930
862 4826
863 3701
864 9062
865 6265
866 6973
867 5725
868 15950
869 5602
870 7295
871 7704
872 2075
873 4749
874 9364
875 2401
876 4152
877 4423
878 4206
879 6700
880 6103
881 1575
882 6885
883 4495
884 9975
885 6266
886 7577
887 4026
888 4489
889 7122
890 7495
891 6995
892 1490
893 7675
894 3904
895 4247
896 8661
897 11757
898 5946
899 4887
900 7849
901 7462
902 10643
903 8700
904 1611
905 2639
906 5122
907 4105
908 10792
909 6514
910 3200
911 8412
912 9372
913 10230
914 3566
915 2086
916 3607
917 4627
918 3074
919 1922
920 3380
921 4270
922 5269
923 4646
924 3939
925 3871
926 3777
927 5437
928 7778
929 3744
930 5672
931 2709
932 2790
933 4162
934 2936
935 5560
936 4157
937 4312
938 21670
939 8504
940 6514
941 5043
942 4996
943 6442
944 4231
945 7644
946 6890
947 3887
948 3634
949 6611
950 5476
951 5130
952 3874
953 10135
954 4849
955 7190
956 11224
957 9249
958 6975
959 5009
960 8768
961 8323
962 4784
963 5283
964 7411
965 5402
966 4634
967 5185
968 4279
969 9121
970 6989
971 7736
972 3222
973 6379
974 7476
975 7592
976 4072
977 2872
978 3505
979 3710
980 4376
981 3987
982 7377
983 23035
984 7583
985 2343
986 6734
987 3108
988 6527
989 6654
990 8588
991 5754
992 11056
993 5903
994 4031
995 5494
996 5560
997 5449
998 4751
999 2457
1000 8303
1001 4505
1002 3018
1003 1935
1004 6689
1005 2772
1006 6373
1007 4622
1008 9231
1009 4845
1010 6476
1011 6570
1012 4251
1013 8880
1014 5434
1015 5971
1016 3600
1017 2394
1018 4845
1019 10763
1020 5980
1021 6664
1022 5327
1023 5547
1024 6571
1025 5026
1026 10144
1027 8210
1028 3340
1029 3469
1030 4924
1031 4854
1032 9819
1033 3362
1034 13506
1035 4970
1036 4578
1037 6167
1038 4181
1039 5874
1040 5849
1041 7980
1042 5715
1043 3490
1044 4674
1045 7688
1046 6338
1047 4739
1048 6610
1049 6367
1050 2052
1051 5157
1052 3561
1053 4752
1054 4371
1055 8027
1056 3006
1057 3527
1058 5677
1059 7447
1060 2841
1061 6006
1062 3960
1063 5061
1064 1384
1065 4332
1066 6314
1067 6652
1068 8610
1069 4055
1070 5067
1071 5340
1072 14947
1073 8086
1074 4075
1075 7784
1076 10960
1077 4263
1078 2347
1079 4847
1080 5685
1081 2921
1082 8427
1083 7345
1084 6306
1085 6017
1086 8477
1087 5081
1088 4883
1089 7368
1090 10087
1091 7150
1092 6606
1093 6541
1094 9481
1095 4673
1096 3593
1097 6410
1098 3940
1099 4523
1100 5449
1101 3942
1102 7416
1103 8304
1104 6335
1105 5715
1106 5063
1107 8192
1108 3025
1109 8403
1110 6596
1111 15530
1112 5713
1113 3468
1114 4538
1115 4174
1116 5870
1117 2334
1118 6937
1119 6389
1120 3451
1121 3747
1122 8429
1123 7263
1124 4993
1125 6454
1126 5035
1127 3476
1128 4314
1129 2290
1130 9451
1131 5930
1132 2027
1133 4899
1134 6440
1135 6171
1136 6796
1137 5230
1138 3452
1139 7015
1140 4759
1141 3563
1142 4933
1143 5236
1144 3514
1145 3976
1146 3784
1147 3857
1148 5709
1149 8917
1150 5254
1151 3728
1152 3963
1153 4090
1154 3498
1155 6672
1156 6056
1157 7968
1158 3405
1159 4989
1160 2821
1161 6759
1162 5448
1163 2521
1164 5530
1165 4393
1166 5783
1167 5191
1168 12191
1169 6060
1170 12607
1171 7025
1172 3036
1173 5366
1174 13587
1175 3859
1176 26742
1177 13229
1178 16985
1179 7526
1180 9851
1181 3517
1182 12215
1183 18975
1184 5699
1185 14959
1186 11220
1187 9444
1188 4125
1189 5163
1190 5855
1191 3544
1192 4956
1193 5896
1194 8413
1195 2371
1196 5569
1197 1389
1198 6890
1199 3815
1200 12528
1201 9040
1202 6682
1203 4825
1204 3686
1205 9203
1206 4988
1207 4526
1208 3897
1209 4263
1210 3368
1211 7518
1212 9981
1213 13217
1214 4167
1215 2380
1216 3050
1217 5413
1218 9520
1219 4041
1220 1417
1221 2228
1222 5359
1223 2252
1224 4931
1225 13937
1226 1575
1227 4535
1228 11287
1229 4354
1230 5312
1231 1812
1232 5252
1233 6623
1234 5334
1235 5614
1236 6112
1237 3594
1238 11154
1239 6557
1240 8523
1241 6163
1242 1878
1243 7975
1244 2141
1245 6200
1246 5165
1247 14697
1248 3134
1249 4877
1250 2625
1251 6356
1252 9434
1253 4535
1254 8526
1255 5778
1256 6220
1257 5211
1258 927
1259 2428
1260 4495
1261 3552
1262 5255
1263 11049
1264 5570
1265 1570
1266 4392
1267 1091
1268 5948
1269 6811
1270 9219
1271 5314
1272 4461
1273 4195
1274 4603
1275 6408
1276 2673
1277 3425
1278 6677
1279 5748
1280 4681
1281 5243
1282 4104
1283 1301
1284 7662
1285 5863
1286 3798
1287 5641
1288 8841
1289 6605
1290 3895
1291 2880
1292 4014
1293 5751
1294 5929
1295 3952
1296 4688
1297 1396
1298 7268
1299 5809
1300 4539
1301 3897
1302 7925
1303 2469
1304 5250
1305 4694
1306 15321
1307 6268
1308 2980
1309 16668
1310 4822
1311 3570
1312 7132
1313 5741
1314 6011
1315 1759
1316 2313
1317 6970
1318 5964
1319 7087
1320 6980
1321 11053
1322 1175
1323 5578
1324 5493
1325 3595
1326 4727
1327 9137
1328 9576
1329 5337
1330 4415
1331 9933
1332 5572
1333 5228
1334 5561
1335 6154
1336 8397
1337 2854
1338 3626
1339 3026
1340 9075
1341 5083
1342 10645
1343 4934
1344 6236
1345 7185
1346 11040
1347 4273
1348 4129
1349 4838
1350 2423
1351 6076
1352 5494
1353 9772
1354 5669
1355 8471
1356 10038
1357 1258
1358 5546
1359 5621
1360 8169
1361 1592
1362 4133
1363 3974
1364 3468
1365 9200
1366 6131
1367 6632
1368 7221
1369 5758
1370 5812
1371 4479
1372 3651
1373 7254
1374 4867
1375 3539
1376 4622
1377 3887
1378 6748
1379 16513
1380 2606
1381 2666
1382 9027
1383 6860
1384 2296
1385 6437
1386 6293
1387 3726
1388 14283
1389 6281
1390 9338
1391 7494
1392 8834
1393 8467
1394 3243
1395 6652
1396 9472
1397 6334
1398 5187
1399 3862
1400 2392
1401 4523
1402 4615
1403 6091
1404 5867
1405 7586
1406 3999
1407 7817
1408 6468
1409 6266
1410 7632
1411 3477
1412 11052
1413 3040
1414 2605
1415 2825
1416 9303
1417 8446
1418 6439
1419 5780
1420 1502
1421 6869
1422 6824
1423 11061
1424 9555
1425 6791
1426 3080
1427 5631
1428 8449
1429 3946
1430 11692
1431 5359
1432 4010
1433 3024
1434 10604
1435 5460
1436 3529
1437 5813
1438 3971
1439 5787
1440 6834
1441 3788
1442 5440
1443 6227
1444 3831
1445 1410
1446 3093
1447 5736
1448 13475
1449 3874
1450 5527
1451 2874
1452 2727
1453 4371
1454 8648
1455 6771
1456 3244
1457 12245
1458 4101
1459 5836
1460 5928
1461 3606
1462 10867
1463 2515
1464 9002
1465 6228
1466 8181
1467 4738
1468 3760
1469 6509
1470 6764
1471 3477
1472 2579
1473 6334
1474 6947
1475 5121
1476 8617
1477 9459
1478 4135
1479 2999
1480 4287
1481 5187
1482 4790
1483 4719
1484 7792
1485 3185
1486 4322
1487 3972
1488 4168
1489 8673
1490 11454
1491 3425
1492 1795
1493 4276
1494 6860
1495 2584
1496 8354
1497 4888
1498 4985
1499 7266
