1 2504
2 4579
3 4024
4 2561
5 3815
6 3631
7 3527
8 3954
9 6888
10 3970
11 8774
12 3823
13 4114
14 2173
15 4710
16 7231
17 5230
18 2308
19 5675
20 7647
21 4605
22 15095
23 8231
24 7732
25 5979
26 2831
27 6045
28 6147
29 5895
30 8683
31 5737
32 6059
33 4493
34 21660
35 12484
36 5794
37 6919
38 6605
39 866
40 2618
41 4535
42 8936
43 7534
44 6376
45 1333
46 3612
47 16721
48 12046
49 2790
50 3818
51 6288
52 4722
53 4228
54 4622
55 3098
56 5181
57 7716
58 6702
59 1662
60 8651
61 3274
62 5641
63 3015
64 9403
65 5719
66 3365
67 4660
68 4520
69 6621
70 3832
71 3642
72 3534
73 2335
74 6671
75 7209
76 4494
77 4098
78 2944
79 6934
80 4244
81 3867
82 2917
83 2921
84 6484
85 16576
86 7204
87 4232
88 6004
89 7401
90 12202
91 2882
92 3916
93 5853
94 6999
95 1528
96 3691
97 2760
98 3700
99 3950
100 5225
101 3849
102 2520
103 8662
104 4151
105 6942
106 5832
107 14576
108 4341
109 4585
110 3604
111 3481
112 4063
113 3085
114 3325
115 7131
116 5709
117 4187
118 1266
119 6854
120 3559
121 2600
122 5273
123 12225
124 7534
125 4216
126 1230
127 4386
128 3144
129 2952
130 5917
131 6502
132 8225
133 6538
134 4186
135 3999
136 4219
137 6026
138 2807
139 5419
140 3993
141 5848
142 1366
143 3001
144 5799
145 3011
146 4558
147 5453
148 8254
149 9304
150 4389
151 10704
152 7331
153 6082
154 5020
155 2729
156 4755
157 2704
158 8010
159 4884
160 3594
161 9084
162 5547
163 7238
164 3470
165 4384
166 7008
167 8922
168 3371
169 3650
170 5792
171 1479
172 7063
173 2455
174 4128
175 9495
176 8899
177 3016
178 10941
179 4215
180 7479
181 4496
182 6764
183 4966
184 4334
185 5987
186 5616
187 4201
188 4651
189 7936
190 9291
191 15092
192 5927
193 3696
194 8629
195 4913
196 10330
197 5786
198 2812
199 4072
200 8521
201 1677
202 5432
203 6319
204 13731
205 4434
206 2514
207 3261
208 5936
209 9895
210 5049
211 4874
212 4505
213 6135
214 5208
215 1469
216 4265
217 6153
218 4373
219 2300
220 2470
221 7570
222 5841
223 7186
224 5020
225 1399
226 4649
227 6327
228 8944
229 3696
230 5392
231 4561
232 8865
233 3707
234 1885
235 8137
236 2039
237 2925
238 2460
239 3616
240 5763
241 5360
242 6179
243 11265
244 1445
245 5128
246 3142
247 3980
248 4551
249 4485
250 6085
251 2905
252 5103
253 5626
254 2885
255 5618
256 5813
257 7553
258 2782
259 2042
260 5458
261 3907
262 9200
263 6189
264 3152
265 7731
266 6395
267 9614
268 3829
269 3569
270 4997
271 3333
272 6826
273 4250
274 2782
275 4539
276 6777
277 4027
278 8373
279 8597
280 4878
281 4705
282 10256
283 7258
284 4204
285 4834
286 3503
287 2826
288 4372
289 1382
290 4501
291 9556
292 3558
293 4534
294 5552
295 4142
296 12001
297 4185
298 6099
299 6433
300 4092
301 6117
302 8995
303 3164
304 4620
305 5276
306 4758
307 7253
308 11643
309 7779
310 5561
311 6054
312 8232
313 4766
314 6313
315 8446
316 1767
317 3100
318 6279
319 5886
320 7932
321 7050
322 5009
323 9802
324 5288
325 2899
326 4556
327 10446
328 4248
329 8711
330 3838
331 4964
332 4573
333 2843
334 5939
335 3794
336 4721
337 5051
338 3159
339 14231
340 3285
341 4607
342 2147
343 3167
344 1084
345 3365
346 5768
347 4317
348 4487
349 7821
350 7321
351 6586
352 3613
353 5331
354 6718
355 10232
356 5209
357 6620
358 7951
359 12389
360 3974
361 11511
362 5738
363 4653
364 1815
365 5827
366 2783
367 3786
368 3573
369 2717
370 1253
371 5869
372 3922
373 5813
374 8168
375 4711
376 7100
377 5975
378 5250
379 5413
380 3173
381 4134
382 5746
383 6217
384 5077
385 6273
386 2406
387 6182
388 5529
389 6472
390 4828
391 11817
392 1954
393 3553
394 2293
395 10707
396 4598
397 6478
398 5057
399 8852
400 4664
401 5111
402 8101
403 5447
404 5027
405 4201
406 2259
407 4122
408 3398
409 5819
410 5030
411 6567
412 5010
413 2915
414 2673
415 4295
416 6722
417 4063
418 4692
419 8418
420 7474
421 1424
422 4439
423 3456
424 5503
425 5220
426 3391
427 3128
428 6545
429 5372
430 2544
431 5245
432 6985
433 6126
434 10312
435 6626
436 3876
437 6810
438 6164
439 9007
440 3288
441 3124
442 2548
443 3476
444 3678
445 3253
446 3299
447 4685
448 4556
449 3662
450 5785
451 9541
452 8108
453 6173
454 7475
455 10184
456 4805
457 6996
458 3778
459 5559
460 4582
461 8501
462 6884
463 7547
464 5169
465 3863
466 4454
467 7202
468 4425
469 7135
470 9518
471 4643
472 2164
473 4363
474 1758
475 5811
476 3168
477 4988
478 9595
479 4695
480 5250
481 3653
482 3888
483 1979
484 4421
485 3180
486 4621
487 9366
488 4878
489 1233
490 6327
491 979
492 3387
493 11379
494 2999
495 5443
496 8084
497 4042
498 4658
499 5919
500 9894
501 3113
502 2284
503 4162
504 1063
505 3910
506 2549
507 2193
508 2437
509 7097
510 3727
511 4185
512 8658
513 7748
514 4191
515 3003
516 3199
517 5002
518 4815
519 2905
520 2613
521 4096
522 2855
523 6040
524 4464
525 2763
526 9790
527 5911
528 4905
529 6075
530 3272
531 6350
532 13588
533 2993
534 4580
535 3952
536 13194
537 15320
538 2896
539 6846
540 5164
541 3216
542 9541
543 3247
544 5080
545 1856
546 6128
547 3908
548 8987
549 6573
550 2161
551 7769
552 8797
553 8804
554 3525
555 4193
556 4881
557 7785
558 13832
559 2277
560 4872
561 9300
562 4946
563 4846
564 2498
565 3713
566 1801
567 7108
568 12798
569 5122
570 6586
571 3864
572 4382
573 3644
574 6484
575 1672
576 9919
577 3465
578 10655
579 10740
580 3466
581 8485
582 5825
583 7178
584 6344
585 5712
586 5927
587 4604
588 9420
589 4179
590 9366
591 3966
592 3400
593 5307
594 8379
595 3222
596 6602
597 5508
598 9222
599 6505
600 12244
601 8572
602 4862
603 7036
604 2553
605 6621
606 5647
607 2936
608 6470
609 6063
610 5925
611 13447
612 10612
613 2541
614 7876
615 7122
616 7006
617 4302
618 8135
619 6598
620 4526
621 3028
622 6761
623 7904
624 5749
625 5359
626 8242
627 13356
628 3065
629 7481
630 13190
631 5099
632 6354
633 7559
634 3521
635 6945
636 8745
637 6021
638 2127
639 8860
640 3281
641 3099
642 3540
643 7315
644 1140
645 5771
646 6693
647 3695
648 3154
649 10878
650 3023
651 3579
652 8445
653 2592
654 4129
655 4300
656 4091
657 5368
658 10360
659 3392
660 6757
661 4566
662 4929
663 4105
664 5493
665 4162
666 4642
667 10108
668 1781
669 6555
670 5200
671 2865
672 3569
673 6709
674 5211
675 3744
676 2672
677 6953
678 7945
679 4547
680 4659
681 5063
682 2830
683 5615
684 3153
685 15671
686 4304
687 7457
688 6745
689 4110
690 5139
691 4282
692 2993
693 8458
694 7875
695 6158
696 2857
697 3752
698 6697
699 3900
700 4545
701 9667
702 2154
703 5722
704 6327
705 9983
706 3660
707 10124
708 5573
709 4363
710 6985
711 4111
712 6070
713 4563
714 4350
715 3490
716 6023
717 10380
718 10343
719 9793
720 12093
721 8300
722 5618
723 4565
724 3505
725 3012
726 5008
727 3944
728 5280
729 3396
730 4793
731 10586
732 2818
733 3569
734 5346
735 4030
736 7671
737 5907
738 11616
739 3889
740 7124
741 8694
742 4872
743 4122
744 7228
745 3708
746 6956
747 7578
748 15565
749 3155
750 11245
751 6456
752 2980
753 3911
754 4680
755 7404
756 2247
757 1526
758 8557
759 6954
760 3263
761 5726
762 5595
763 1814
764 4325
765 5803
766 2683
767 3609
768 2973
769 5692
770 7070
771 3700
772 7037
773 4822
774 5252
775 4082
776 6220
777 7640
778 8328
779 5793
780 4911
781 4866
782 5182
783 3569
784 6377
785 5679
786 8060
787 4066
788 2940
789 5922
790 5696
791 6164
792 3109
793 7085
794 7022
795 2397
796 3848
797 7999
798 680
799 13248
800 2480
801 6815
802 7638
803 7189
804 1416
805 4515
806 6378
807 9105
808 6067
809 2059
810 5512
811 4083
812 10212
813 3815
814 7378
815 4720
816 4052
817 4799
818 2656
819 7524
820 7410
821 16739
822 7386
823 3851
824 5984
825 8572
826 5557
827 3711
828 5025
829 3548
830 5390
831 7124
832 6254
833 6793
834 5921
835 7148
836 8679
837 3564
838 6226
839 3832
840 4900
841 2670
842 5383
843 5035
844 3485
845 8118
846 8135
847 5069
848 3551
849 2477
850 1754
851 12758
852 4291
853 3280
854 3061
855 3273
856 4127
857 3659
858 8148
859 4990
860 3137
861 8077
862 7485
863 3427
864 5096
865 4417
866 6145
867 3122
868 13184
869 5164
870 6623
871 8010
872 2367
873 4220
874 7408
875 2309
876 3815
877 3069
878 4133
879 7012
880 8748
881 1512
882 8844
883 3309
884 11569
885 10137
886 9326
887 4743
888 4868
889 4092
890 9073
891 5939
892 1252
893 7204
894 2300
895 4715
896 8518
897 7103
898 3002
899 7347
900 11013
901 7687
902 7652
903 7931
904 2134
905 2440
906 4779
907 5292
908 9108
909 4325
910 3667
911 5012
912 13516
913 8517
914 3170
915 2996
916 3773
917 4922
918 5121
919 1691
920 4664
921 4566
922 8554
923 5217
924 3791
925 3443
926 3113
927 3398
928 6321
929 6040
930 3527
931 2563
932 2653
933 2886
934 3292
935 4373
936 5468
937 6491
938 20671
939 4480
940 9399
941 5413
942 8280
943 3111
944 3629
945 10249
946 7016
947 2610
948 3445
949 3426
950 6250
951 3241
952 3650
953 10397
954 6530
955 6488
956 10078
957 3025
958 8393
959 3518
960 5053
961 4998
962 4165
963 6312
964 3428
965 3817
966 4569
967 3078
968 4242
969 7723
970 5890
971 6160
972 2474
973 6315
974 4301
975 12195
976 5001
977 1306
978 3958
979 4382
980 4277
981 2928
982 6641
983 16214
984 4412
985 1796
986 7919
987 2688
988 5490
989 4731
990 7309
991 6146
992 7561
993 4206
994 2855
995 4936
996 7614
997 8637
998 6894
999 2828
1000 9457
1001 4911
1002 2605
1003 2163
1004 4520
1005 3339
1006 5456
1007 4580
1008 4413
1009 4198
1010 5340
1011 8222
1012 3265
1013 5361
1014 5920
1015 3838
1016 4524
1017 1736
1018 4389
1019 9312
1020 5001
1021 6531
1022 7063
1023 6688
1024 7574
1025 4179
1026 8548
1027 10362
1028 2217
1029 3293
1030 5068
1031 4465
1032 10379
1033 4500
1034 11901
1035 4689
1036 3563
1037 6124
1038 2869
1039 7921
1040 6184
1041 5171
1042 2779
1043 3990
1044 5134
1045 7806
1046 5335
1047 3478
1048 4117
1049 6113
1050 1924
1051 2683
1052 2986
1053 5910
1054 4636
1055 4915
1056 3494
1057 2759
1058 4067
1059 4177
1060 3848
1061 8390
1062 6722
1063 4336
1064 1380
1065 4739
1066 6331
1067 6709
1068 10220
1069 5057
1070 3171
1071 3470
1072 12939
1073 7101
1074 3278
1075 5346
1076 10787
1077 3293
1078 2328
1079 5042
1080 4006
1081 2742
1082 9645
1083 5585
1084 8660
1085 7245
1086 11393
1087 4125
1088 5414
1089 10258
1090 6725
1091 7638
1092 3614
1093 7391
1094 9955
1095 4124
1096 4064
1097 5021
1098 3060
1099 5997
1100 9842
1101 2417
1102 7239
1103 5756
1104 5633
1105 4621
1106 2683
1107 3584
1108 1657
1109 9780
1110 3761
1111 18075
1112 5455
1113 3627
1114 5081
1115 4233
1116 4942
1117 2574
1118 5549
1119 8127
1120 3504
1121 5228
1122 11575
1123 8780
1124 3172
1125 4276
1126 5373
1127 3864
1128 6214
1129 1770
1130 8834
1131 3336
1132 1382
1133 2927
1134 3936
1135 5007
1136 6145
1137 4708
1138 4645
1139 5141
1140 5531
1141 3775
1142 4732
1143 6023
1144 3192
1145 4754
1146 3767
1147 4066
1148 6041
1149 6916
1150 8544
1151 3685
1152 4174
1153 5248
1154 2317
1155 4457
1156 6153
1157 6511
1158 3911
1159 5264
1160 2929
1161 4509
1162 3523
1163 2293
1164 4284
1165 4779
1166 9086
1167 3713
1168 5282
1169 3292
1170 8195
1171 3930
1172 3089
1173 3650
1174 3987
1175 4421
1176 2996
1177 4935
1178 5651
1179 6295
1180 9118
1181 4067
1182 6331
1183 3561
1184 3747
1185 3124
1186 5111
1187 6443
1188 3740
1189 5934
1190 4484
1191 4356
1192 4985
1193 5937
1194 8842
1195 4210
1196 3983
1197 2332
1198 6316
1199 4787
1200 11428
1201 9015
1202 5022
1203 5492
1204 3157
1205 4881
1206 5079
1207 6068
1208 2304
1209 6553
1210 2624
1211 7068
1212 7170
1213 14604
1214 4563
1215 1820
1216 2745
1217 4570
1218 8652
1219 3320
1220 1481
1221 2036
1222 3665
1223 3245
1224 4858
1225 11651
1226 1524
1227 2666
1228 6098
1229 3622
1230 6908
1231 1303
1232 4673
1233 9622
1234 4203
1235 6312
1236 7943
1237 4594
1238 9815
1239 5505
1240 9630
1241 4751
1242 2947
1243 8309
1244 1633
1245 9025
1246 3894
1247 7232
1248 3648
1249 4529
1250 1811
1251 6515
1252 8289
1253 3512
1254 4757
1255 3709
1256 3957
1257 4598
1258 1672
1259 2597
1260 6332
1261 2571
1262 5816
1263 12953
1264 4795
1265 3023
1266 4035
1267 993
1268 5828
1269 8375
1270 6036
1271 6118
1272 3744
1273 4266
1274 7278
1275 9019
1276 3379
1277 2603
1278 6884
1279 6157
1280 6638
1281 4634
1282 3847
1283 1358
1284 8206
1285 3990
1286 5692
1287 6344
1288 5448
1289 4653
1290 3546
1291 2874
1292 4844
1293 5576
1294 7049
1295 6259
1296 5937
1297 1681
1298 6171
1299 6753
1300 3555
1301 4238
1302 6900
1303 3979
1304 6088
1305 8387
1306 10252
1307 7623
1308 2732
1309 11109
1310 5292
1311 3324
1312 10250
1313 3638
1314 3534
1315 1752
1316 2289
1317 6566
1318 4122
1319 6618
1320 5331
1321 9582
1322 1109
1323 5920
1324 4727
1325 7071
1326 5105
1327 8652
1328 8676
1329 4254
1330 4326
1331 8307
1332 5269
1333 5610
1334 4283
1335 5036
1336 6653
1337 2729
1338 3635
1339 2675
1340 7353
1341 3625
1342 9043
1343 4310
1344 4503
1345 4969
1346 10536
1347 5084
1348 3104
1349 2716
1350 3925
1351 5090
1352 4208
1353 6231
1354 5202
1355 4491
1356 9907
1357 1296
1358 4876
1359 5334
1360 8777
1361 1976
1362 3459
1363 3695
1364 4128
1365 8559
1366 7460
1367 6233
1368 10791
1369 4586
1370 6925
1371 6823
1372 3203
1373 8528
1374 4296
1375 3747
1376 4915
1377 3151
1378 5519
1379 14649
1380 1884
1381 2272
1382 9486
1383 5889
1384 1579
1385 5914
1386 6987
1387 5671
1388 13028
1389 7154
1390 9592
1391 4082
1392 11010
1393 6084
1394 4036
1395 5397
1396 8257
1397 6736
1398 6295
1399 5032
1400 2487
1401 3481
1402 3352
1403 9073
1404 6120
1405 9016
1406 4530
1407 8038
1408 5583
1409 6078
1410 8396
1411 3161
1412 9591
1413 2288
1414 2311
1415 2799
1416 7875
1417 7255
1418 4803
1419 8633
1420 1990
1421 4653
1422 9747
1423 6251
1424 7618
1425 3572
1426 3998
1427 5961
1428 5776
1429 3126
1430 7663
1431 5995
1432 5432
1433 6551
1434 11624
1435 4682
1436 2791
1437 5788
1438 3793
1439 9499
1440 9482
1441 2495
1442 6320
1443 6807
1444 3364
1445 1401
1446 3381
1447 9035
1448 11425
1449 4166
1450 5285
1451 2831
1452 4684
1453 7280
1454 8014
1455 5368
1456 2589
1457 11446
1458 2420
1459 6584
1460 6763
1461 2836
1462 10674
1463 3054
1464 6860
1465 8175
1466 7400
1467 3548
1468 4094
1469 3370
1470 5708
1471 5462
1472 1923
1473 3974
1474 5744
1475 4995
1476 6882
1477 11567
1478 4226
1479 3331
1480 4655
1481 4111
1482 3915
1483 2913
1484 7414
1485 2550
1486 3137
1487 6629
1488 3524
1489 7839
1490 8739
1491 4237
1492 1742
1493 3356
1494 6288
1495 2801
1496 6220
1497 4570
1498 3425
1499 5372
