1 9042
2 29888
3 22601
4 9518
5 38951
6 14668
7 24516
8 29020
9 68038
10 14810
11 163307
12 36003
13 83579
14 6434
15 17695
16 45678
17 21188
18 5318
19 151212
20 63965
21 67414
22 590270
23 41519
24 106634
25 122087
26 22547
27 30267
28 43727
29 44305
30 75628
31 30310
32 37463
33 28090
34 602792
35 259130
36 71958
37 17077
38 82130
39 1320
40 10212
41 16141
42 103278
43 32155
44 28689
45 2451
46 17304
47 341704
48 166132
49 11866
50 37283
51 45419
52 42012
53 30881
54 18473
55 10880
56 51534
57 46185
58 69194
59 1866
60 84206
61 6915
62 79585
63 6251
64 89534
65 74389
66 21403
67 47257
68 76192
69 79559
70 22080
71 20952
72 37093
73 16729
74 37750
75 26781
76 9279
77 20871
78 12040
79 57451
80 17719
81 25109
82 18769
83 18362
84 71038
85 447389
86 27667
87 10962
88 50696
89 127391
90 265609
91 10992
92 34678
93 27662
94 94776
95 3512
96 3596
97 18384
98 35666
99 35589
100 70956
101 21176
102 16839
103 113203
104 23195
105 56294
106 18546
107 233582
108 26895
109 28092
110 7649
111 36787
112 50221
113 18351
114 17464
115 76573
116 42187
117 20334
118 2916
119 88164
120 28843
121 10452
122 19856
123 65839
124 161193
125 71214
126 2398
127 39482
128 28669
129 64522
130 58839
131 86053
132 64937
133 273409
134 21948
135 58668
136 8622
137 31322
138 15696
139 46407
140 20076
141 83061
142 3544
143 11611
144 29377
145 11249
146 31696
147 30174
148 82698
149 120726
150 18521
151 123129
152 54414
153 57456
154 112693
155 12569
156 48571
157 17571
158 123200
159 15264
160 11360
161 137142
162 29453
163 29447
164 37545
165 37810
166 79160
167 199604
168 18522
169 35868
170 34283
171 3407
172 81080
173 13023
174 26135
175 57407
176 60994
177 20131
178 124340
179 65721
180 72668
181 25177
182 97155
183 59204
184 18885
185 40943
186 42193
187 43324
188 21225
189 120648
190 132260
191 1144029
192 30693
193 19963
194 91154
195 19971
196 76201
197 25427
198 18139
199 36889
200 157594
201 2520
202 48123
203 19496
204 343341
205 13485
206 11125
207 19901
208 26331
209 186636
210 22026
211 25420
212 14909
213 74322
214 72621
215 1314
216 62704
217 33892
218 14952
219 5752
220 5016
221 29050
222 22387
223 32763
224 30638
225 2560
226 41501
227 55966
228 309591
229 34795
230 77204
231 23208
232 90381
233 19344
234 6148
235 298158
236 3863
237 6675
238 9413
239 24691
240 47262
241 57848
242 49682
243 105249
244 2598
245 14003
246 6741
247 76851
248 38283
249 16310
250 82495
251 7781
252 44648
253 44304
254 11994
255 29408
256 37056
257 308203
258 8387
259 4694
260 76142
261 20929
262 36675
263 19823
264 4446
265 18121
266 23048
267 102052
268 22546
269 20994
270 21124
271 18523
272 65973
273 33877
274 9972
275 24010
276 88521
277 9875
278 106534
279 178949
280 18341
281 35970
282 184709
283 57546
284 22941
285 15253
286 11564
287 11387
288 20871
289 2819
290 72202
291 130339
292 40603
293 37872
294 15461
295 26621
296 277904
297 10731
298 81179
299 94092
300 22417
301 147467
302 108708
303 34720
304 25190
305 35472
306 25625
307 112988
308 160978
309 31642
310 67689
311 85345
312 40530
313 31333
314 35431
315 51286
316 3401
317 16023
318 47291
319 50411
320 137740
321 59687
322 37483
323 68682
324 80274
325 30182
326 11780
327 134976
328 6276
329 67673
330 19515
331 54370
332 24500
333 13611
334 34238
335 39510
336 26473
337 40997
338 18544
339 565950
340 11785
341 46338
342 5112
343 17850
344 2253
345 17326
346 87564
347 39386
348 47519
349 139759
350 51312
351 71992
352 17228
353 12221
354 76055
355 120079
356 15581
357 68096
358 167854
359 197777
360 19063
361 86627
362 43842
363 50828
364 4767
365 49220
366 10405
367 39738
368 13940
369 35573
370 1561
371 21575
372 11171
373 31676
374 33019
375 23114
376 53612
377 44258
378 125240
379 72815
380 20194
381 41588
382 38266
383 36311
384 51862
385 25989
386 5905
387 43424
388 77771
389 50198
390 41036
391 117685
392 4913
393 35458
394 17197
395 185999
396 19202
397 17440
398 25282
399 45988
400 8294
401 74939
402 37618
403 69305
404 23667
405 5641
406 9627
407 67975
408 39375
409 30594
410 42849
411 132510
412 26253
413 9934
414 11907
415 20894
416 41909
417 14203
418 27617
419 293197
420 67551
421 1977
422 10269
423 35615
424 36679
425 24360
426 12194
427 16728
428 84795
429 55882
430 6519
431 47044
432 73217
433 65337
434 107811
435 79714
436 36286
437 48609
438 90247
439 90744
440 19166
441 19756
442 29814
443 19691
444 17764
445 22324
446 13731
447 24292
448 16619
449 38989
450 82641
451 73857
452 84538
453 74776
454 236448
455 236634
456 84360
457 62251
458 14068
459 76937
460 34508
461 214650
462 48800
463 80027
464 43371
465 19950
466 21235
467 109255
468 27155
469 167583
470 58762
471 45400
472 11467
473 37342
474 4671
475 30358
476 19373
477 40507
478 229247
479 74080
480 84578
481 8833
482 36733
483 9888
484 13493
485 11067
486 36504
487 110621
488 18908
489 2224
490 86424
491 1914
492 15872
493 227671
494 19836
495 73173
496 84172
497 36222
498 40000
499 32398
500 93044
501 25188
502 6467
503 16827
504 2026
505 12279
506 10952
507 10437
508 11073
509 68962
510 41526
511 69590
512 123366
513 64239
514 99952
515 9941
516 9171
517 121079
518 26193
519 7956
520 35891
521 36657
522 38875
523 70303
524 37792
525 20018
526 104352
527 32109
528 40621
529 102810
530 18708
531 48504
532 259594
533 37856
534 27810
535 42005
536 233717
537 274065
538 10683
539 52237
540 45684
541 12859
542 216893
543 18214
544 41362
545 5732
546 87458
547 12574
548 98634
549 61654
550 9987
551 69545
552 66481
553 124958
554 16739
555 23183
556 97979
557 69006
558 119189
559 9542
560 73234
561 118118
562 40024
563 42777
564 8927
565 25489
566 4172
567 71346
568 81164
569 37377
570 76194
571 26254
572 29417
573 17942
574 53057
575 2916
576 59783
577 6828
578 187123
579 239274
580 35349
581 94399
582 77892
583 66018
584 90064
585 42404
586 80308
587 25642
588 145499
589 32709
590 192365
591 19623
592 20383
593 15209
594 60144
595 16206
596 32419
597 28633
598 180299
599 63351
600 205662
601 131758
602 43179
603 47957
604 9957
605 95374
606 32588
607 6266
608 44535
609 32971
610 52639
611 116051
612 123912
613 6176
614 138246
615 79897
616 44645
617 29953
618 60352
619 64302
620 36554
621 18619
622 41377
623 39005
624 18274
625 52504
626 153499
627 269388
628 16924
629 29863
630 130581
631 47393
632 95149
633 129136
634 63998
635 68031
636 57463
637 84888
638 6170
639 83063
640 9621
641 18918
642 39786
643 108497
644 2900
645 53528
646 55599
647 17648
648 13649
649 375812
650 7584
651 12285
652 58065
653 16119
654 37514
655 7150
656 24948
657 36523
658 119963
659 23089
660 76566
661 15245
662 18052
663 21939
664 24510
665 35537
666 79617
667 111008
668 3769
669 45528
670 32012
671 6940
672 13100
673 103425
674 74162
675 15698
676 9982
677 33110
678 98328
679 20201
680 22457
681 44117
682 17379
683 78294
684 37095
685 975899
686 37741
687 59568
688 108519
689 15209
690 72512
691 48797
692 18714
693 221989
694 68232
695 79578
696 9397
697 39616
698 84003
699 12726
700 78618
701 73045
702 13273
703 117481
704 117713
705 335987
706 38526
707 115095
708 40154
709 66100
710 85838
711 38799
712 41228
713 34494
714 14792
715 18179
716 22007
717 149006
718 119981
719 62555
720 248498
721 56765
722 59756
723 22782
724 23180
725 6086
726 147107
727 34333
728 42987
729 24317
730 73437
731 131025
732 8154
733 12836
734 36145
735 27102
736 19465
737 43800
738 44318
739 6283
740 21562
741 84091
742 35531
743 25225
744 73164
745 19731
746 19929
747 59166
748 266991
749 10840
750 180398
751 28508
752 10399
753 71695
754 43703
755 119684
756 4914
757 1792
758 66143
759 60115
760 21039
761 16941
762 17309
763 7549
764 37092
765 38091
766 6384
767 6969
768 16362
769 70465
770 48150
771 18889
772 54697
773 23753
774 48134
775 36740
776 45274
777 114998
778 65378
779 87433
780 79284
781 69140
782 26479
783 20745
784 74270
785 31465
786 65387
787 81420
788 11270
789 28555
790 48259
791 70412
792 6559
793 28323
794 151929
795 9942
796 10807
797 114151
798 1167
799 123965
800 19044
801 33333
802 151105
803 89548
804 2150
805 152625
806 37368
807 58260
808 46423
809 4040
810 44413
811 23440
812 72288
813 22750
814 226283
815 36560
816 26388
817 34483
818 6092
819 97535
820 98295
821 760111
822 44859
823 13755
824 51710
825 160071
826 37207
827 14797
828 39992
829 24975
830 86099
831 48756
832 154058
833 98218
834 130602
835 88009
836 186747
837 20199
838 74194
839 17694
840 46559
841 8958
842 39769
843 42646
844 15489
845 158947
846 60904
847 77725
848 19847
849 10056
850 4200
851 220550
852 35408
853 34613
854 16973
855 20213
856 38355
857 9138
858 114836
859 17305
860 27460
861 91848
862 53685
863 17532
864 72206
865 24873
866 139219
867 20030
868 1061197
869 88411
870 64986
871 91308
872 5451
873 17647
874 84898
875 7500
876 10784
877 40098
878 38831
879 158269
880 94945
881 3319
882 134076
883 19442
884 133376
885 139806
886 81220
887 23391
888 26869
889 66934
890 171508
891 77748
892 2107
893 68760
894 7341
895 37553
896 67473
897 149706
898 11371
899 64374
900 124647
901 83724
902 57209
903 77184
904 5911
905 8945
906 25551
907 13825
908 63589
909 37255
910 6530
911 81857
912 239496
913 171724
914 8964
915 7165
916 22874
917 48675
918 13579
919 2752
920 53857
921 29180
922 90800
923 36846
924 32393
925 13971
926 37703
927 35160
928 28685
929 14821
930 20146
931 17891
932 8155
933 32519
934 7127
935 25215
936 48398
937 59252
938 674696
939 29931
940 99269
941 30587
942 86120
943 65140
944 37366
945 135519
946 57134
947 5515
948 11548
949 39172
950 89872
951 33555
952 30721
953 273392
954 37501
955 70302
956 131786
957 18907
958 103615
959 30723
960 42496
961 37995
962 12359
963 120271
964 37557
965 22501
966 14497
967 15764
968 38658
969 67253
970 50471
971 147150
972 11208
973 68820
974 73270
975 86719
976 19151
977 2894
978 12006
979 48265
980 21445
981 6356
982 74082
983 138042
984 28757
985 5498
986 53279
987 5602
988 91544
989 55912
990 28590
991 32431
992 81044
993 38479
994 11959
995 23175
996 69923
997 160370
998 38524
999 10003
1000 165725
1001 37270
1002 9837
1003 3325
1004 41823
1005 23350
1006 41494
1007 41308
1008 70157
1009 15232
1010 93060
1011 61462
1012 20435
1013 142250
1014 84728
1015 41387
1016 17207
1017 4314
1018 21419
1019 214201
1020 74209
1021 78860
1022 58878
1023 16273
1024 151384
1025 38136
1026 193095
1027 66068
1028 8036
1029 16058
1030 38018
1031 22935
1032 116982
1033 18206
1034 201855
1035 14207
1036 20130
1037 33244
1038 21158
1039 71169
1040 55418
1041 42232
1042 16979
1043 12902
1044 41920
1045 74133
1046 124174
1047 40609
1048 63807
1049 23398
1050 6088
1051 29062
1052 18830
1053 67641
1054 26854
1055 69957
1056 11886
1057 10203
1058 68307
1059 34434
1060 12912
1061 63842
1062 20413
1063 69325
1064 2617
1065 76117
1066 35764
1067 62657
1068 57396
1069 26845
1070 21510
1071 67063
1072 275909
1073 80014
1074 14420
1075 35758
1076 144456
1077 12011
1078 3609
1079 20433
1080 52482
1081 11667
1082 78645
1083 47525
1084 96795
1085 26575
1086 89960
1087 70189
1088 29665
1089 95498
1090 111457
1091 29535
1092 32803
1093 42307
1094 157236
1095 17923
1096 5771
1097 75776
1098 17679
1099 78754
1100 75198
1101 10890
1102 89232
1103 76255
1104 73303
1105 21324
1106 28347
1107 64511
1108 5951
1109 229927
1110 55305
1111 299882
1112 16858
1113 10361
1114 27589
1115 37802
1116 42496
1117 5715
1118 24966
1119 83971
1120 7302
1121 42467
1122 86795
1123 55335
1124 10701
1125 68560
1126 45559
1127 14506
1128 29965
1129 3246
1130 102364
1131 19260
1132 2652
1133 16797
1134 12794
1135 28070
1136 77530
1137 87884
1138 39032
1139 32423
1140 43642
1141 16108
1142 54038
1143 28116
1144 20680
1145 67200
1146 58974
1147 32126
1148 113023
1149 114757
1150 131526
1151 19410
1152 14724
1153 29357
1154 13123
1155 54240
1156 109598
1157 111450
1158 30378
1159 40304
1160 10749
1161 73631
1162 18597
1163 6480
1164 36873
1165 25947
1166 202782
1167 40058
1168 86467
1169 22334
1170 37054
1171 71440
1172 7781
1173 36795
1174 66657
1175 21907
1176 34052
1177 50636
1178 24440
1179 33852
1180 165924
1181 27626
1182 147020
1183 19102
1184 12517
1185 37280
1186 41976
1187 20129
1188 33846
1189 54981
1190 31984
1191 29072
1192 43012
1193 56624
1194 113961
1195 14023
1196 21987
1197 3948
1198 79871
1199 13686
1200 129172
1201 90000
1202 125646
1203 73747
1204 10740
1205 76197
1206 22331
1207 58017
1208 10193
1209 66880
1210 12995
1211 108361
1212 130802
1213 161594
1214 20406
1215 5105
1216 17027
1217 30803
1218 144701
1219 16693
1220 2777
1221 5498
1222 21097
1223 11093
1224 47257
1225 254482
1226 2866
1227 17216
1228 316141
1229 9626
1230 41855
1231 3373
1232 43021
1233 127861
1234 46927
1235 51890
1236 55733
1237 19445
1238 244165
1239 76955
1240 83294
1241 37624
1242 6277
1243 77215
1244 4227
1245 53426
1246 74011
1247 315357
1248 6879
1249 23697
1250 4424
1251 61527
1252 36988
1253 20775
1254 44263
1255 36484
1256 42009
1257 32789
1258 3238
1259 11861
1260 46085
1261 9804
1262 27050
1263 252879
1264 20134
1265 8553
1266 32921
1267 1970
1268 202191
1269 143521
1270 112172
1271 49275
1272 87572
1273 36336
1274 33190
1275 94875
1276 6700
1277 5415
1278 59738
1279 46544
1280 126212
1281 109265
1282 26549
1283 1974
1284 108178
1285 50813
1286 44954
1287 50070
1288 54876
1289 25526
1290 16897
1291 24131
1292 18665
1293 83130
1294 107576
1295 45367
1296 25018
1297 2997
1298 51756
1299 57743
1300 27079
1301 21534
1302 314966
1303 12183
1304 155487
1305 19886
1306 113053
1307 42994
1308 10181
1309 398421
1310 20256
1311 36432
1312 310894
1313 74779
1314 36176
1315 2607
1316 5590
1317 56250
1318 35954
1319 55769
1320 85589
1321 319385
1322 1670
1323 28683
1324 35332
1325 67274
1326 15278
1327 224254
1328 157996
1329 69593
1330 41106
1331 165015
1332 35446
1333 59452
1334 77448
1335 40980
1336 92747
1337 10274
1338 21308
1339 9870
1340 208468
1341 22962
1342 389919
1343 54990
1344 21178
1345 83306
1346 146245
1347 18214
1348 42097
1349 15992
1350 16962
1351 46213
1352 50259
1353 85729
1354 24097
1355 78150
1356 216550
1357 2709
1358 82802
1359 50143
1360 89488
1361 4580
1362 18521
1363 13548
1364 12780
1365 218098
1366 89966
1367 101149
1368 75736
1369 28909
1370 29794
1371 29483
1372 12160
1373 65092
1374 41614
1375 12235
1376 26880
1377 16739
1378 14770
1379 259699
1380 5267
1381 16594
1382 165418
1383 140934
1384 3623
1385 50560
1386 73176
1387 28291
1388 871653
1389 147042
1390 176159
1391 80427
1392 117219
1393 40504
1394 10878
1395 82577
1396 107703
1397 76321
1398 51236
1399 37057
1400 8016
1401 47859
1402 8171
1403 89609
1404 87790
1405 135193
1406 28033
1407 92199
1408 58746
1409 60760
1410 145366
1411 19500
1412 166730
1413 16382
1414 15994
1415 15657
1416 151883
1417 159377
1418 25060
1419 64339
1420 3556
1421 49077
1422 84036
1423 84615
1424 134823
1425 50603
1426 14401
1427 25842
1428 86523
1429 17561
1430 332578
1431 54349
1432 66750
1433 40657
1434 295272
1435 28904
1436 10983
1437 34507
1438 16998
1439 61176
1440 63256
1441 20965
1442 50875
1443 86835
1444 29809
1445 2838
1446 17546
1447 103106
1448 658527
1449 14616
1450 73772
1451 6158
1452 8552
1453 65864
1454 81799
1455 82916
1456 21538
1457 506174
1458 22624
1459 66097
1460 28082
1461 34805
1462 155604
1463 9119
1464 82563
1465 219602
1466 119854
1467 27278
1468 22407
1469 85913
1470 109750
1471 63550
1472 7908
1473 43932
1474 84209
1475 24210
1476 64004
1477 206333
1478 20848
1479 12366
1480 34399
1481 80244
1482 16269
1483 72340
1484 111477
1485 6841
1486 16429
1487 32948
1488 26516
1489 78986
1490 171546
1491 31758
1492 3592
1493 17350
1494 39738
1495 9964
1496 61789
1497 56269
1498 86450
1499 83106
