1 1366
2 6376
3 59357
4 28228
5 227915
6 1582
7 6490
8 10170
9 19762
10 1659
11 476001
12 98445
13 130953
14 4516
15 22269
16 233167
17 55103
18 23425
19 9678
20 142431
21 3991
22 436539
23 74650
24 12155
25 52920
26 7927
27 186452
28 98627
29 72519
30 109644
31 118302
32 28959
33 30637
34 563783
35 149765
36 131470
37 51152
38 244365
39 861
40 80464
41 8837
42 2505
43 2337
44 6467
45 2729
46 2307
47 571765
48 158227
49 140416
50 301038
51 4334
52 145366
53 2512
54 6559
55 40953
56 143422
57 38060
58 21149
59 5801
60 197483
61 9759
62 370689
63 1665
64 10275
65 378405
66 133162
67 149439
68 186508
69 8378
70 179181
71 25778
72 139869
73 6720
74 231672
75 27136
76 149211
77 184109
78 141462
79 142919
80 67704
81 189452
82 128494
83 77242
84 2190
85 297541
86 29454
87 1697
88 29746
89 191951
90 190299
91 1720
92 141027
93 195230
94 409439
95 1485
96 1414
97 77108
98 99725
99 143911
100 287899
101 180845
102 22989
103 190257
104 40556
105 163728
106 59418
107 250374
108 14953
109 7618
110 1726
111 58400
112 77875
113 113549
114 76155
115 250954
116 69430
117 59417
118 3651
119 398568
120 3208
121 9864
122 4895
123 84821
124 297773
125 73590
126 1473
127 226717
128 2031
129 58650
130 14373
131 199338
132 16514
133 53742
134 1485
135 2227
136 47536
137 29728
138 2332
139 2019
140 75245
141 374175
142 10186
143 56766
144 2017
145 143810
146 80490
147 122181
148 98809
149 286813
150 11648
151 152432
152 42218
153 234072
154 32253
155 41840
156 1954
157 178720
158 2534
159 2289
160 104744
161 12983
162 41915
163 12098
164 148483
165 83510
166 145566
167 1969
168 113606
169 102059
170 186511
171 1087
172 244594
173 1865
174 2031
175 32752
176 56275
177 5173
178 287767
179 81089
180 375032
181 109501
182 71375
183 41451
184 1997
185 55194
186 145139
187 238683
188 83835
189 127296
190 126493
191 249828
192 110236
193 37158
194 381288
195 180454
196 93982
197 8165
198 60801
199 2146
200 457503
201 1183
202 13373
203 42503
204 417661
205 49260
206 16094
207 181780
208 5340
209 38223
210 75545
211 181222
212 8975
213 6390
214 377722
215 1121
216 8049
217 183491
218 31655
219 10004
220 47655
221 1581
222 2139
223 115143
224 10104
225 1676
226 231071
227 296553
228 180925
229 49353
230 64239
231 6262
232 392719
233 133084
234 48471
235 132450
236 13311
237 24095
238 141583
239 56707
240 141419
241 66699
242 51373
243 383330
244 1040
245 1933
246 24907
247 128405
248 56558
249 1806
250 8763
251 7154
252 221655
253 82067
254 2126
255 26280
256 10415
257 241014
258 106881
259 1137
260 348493
261 2047
262 2111
263 187181
264 2012
265 19086
266 187139
267 17448
268 113941
269 25501
270 59237
271 2087
272 107779
273 224387
274 12632
275 109002
276 370916
277 1348
278 152716
279 462368
280 36372
281 12060
282 6500
283 21109
284 40481
285 1820
286 148072
287 44347
288 259767
289 13018
290 141961
291 35369
292 228972
293 58049
294 6557
295 108577
296 470440
297 2271
298 57363
299 177414
300 130581
301 479470
302 34981
303 229221
304 53185
305 58339
306 185174
307 123230
308 210762
309 81838
310 189395
311 88243
312 102372
313 72417
314 39562
315 295180
316 1069
317 2344
318 2604
319 60223
320 300840
321 2044
322 59599
323 101657
324 295154
325 20015
326 139089
327 262145
328 2016
329 47844
330 200931
331 1776
332 129720
333 14215
334 182637
335 20926
336 191069
337 249619
338 6654
339 430709
340 10443
341 29479
342 9388
343 111372
344 1375
345 18167
346 304976
347 2035
348 234802
349 459900
350 1723
351 76852
352 4096
353 58520
354 382322
355 377744
356 6033
357 23443
358 54702
359 458785
360 181034
361 250466
362 236323
363 68269
364 1493
365 86370
366 141938
367 157169
368 1755
369 141650
370 1322
371 179910
372 1731
373 184355
374 185392
375 8806
376 151528
377 77572
378 6798
379 99887
380 22178
381 224183
382 20178
383 227666
384 162135
385 79419
386 1551
387 2843
388 62872
389 15312
390 142663
391 186494
392 18021
393 139843
394 31746
395 360721
396 109292
397 34314
398 189111
399 175356
400 6769
401 160107
402 2268
403 289328
404 37635
405 34046
406 28774
407 197528
408 100690
409 108458
410 104015
411 309189
412 188440
413 136556
414 1770
415 181322
416 231558
417 1435
418 4269
419 248044
420 18052
421 992
422 31594
423 36401
424 28781
425 2293
426 142489
427 6208
428 379183
429 99847
430 31771
431 1611
432 232856
433 228537
434 18210
435 369433
436 67942
437 224522
438 394262
439 146369
440 119070
441 1576
442 6509
443 1587
444 41462
445 59780
446 36751
447 178727
448 6236
449 55730
450 295675
451 29062
452 5430
453 248135
454 44205
455 60820
456 194724
457 55533
458 1675
459 300860
460 54518
461 308604
462 144618
463 423074
464 14806
465 79000
466 1882
467 197830
468 71312
469 482208
470 2397
471 161512
472 7923
473 145553
474 41971
475 73332
476 10000
477 144607
478 453956
479 295998
480 284286
481 1451
482 4691
483 138365
484 7935
485 78958
486 82733
487 382283
488 2430
489 1846
490 107328
491 16323
492 2275
493 309145
494 37972
495 388186
496 386124
497 303559
498 146081
499 111996
500 258774
501 2363
502 60505
503 16742
504 1039
505 144039
506 25821
507 80531
508 29682
509 93801
510 8332
511 40643
512 74480
513 5410
514 205134
515 2294
516 2123
517 2570
518 1934
519 24300
520 230222
521 296329
522 101667
523 58368
524 2605
525 58623
526 194190
527 112144
528 12370
529 284342
530 32783
531 12464
532 246487
533 306882
534 73302
535 24921
536 307712
537 457183
538 46836
539 2127
540 62125
541 39887
542 315118
543 55851
544 138004
545 1228
546 196332
547 99809
548 385433
549 53462
550 140857
551 66737
552 57889
553 6414
554 75859
555 2462
556 186563
557 9382
558 259162
559 82465
560 276315
561 129168
562 147298
563 31958
564 1461
565 3374
566 1672
567 64209
568 241527
569 305618
570 379255
571 63019
572 23133
573 140257
574 59460
575 1531
576 229838
577 2006
578 460642
579 22546
580 41814
581 219240
582 13973
583 15210
584 291647
585 7736
586 379964
587 180968
588 205477
589 6365
590 57214
591 182750
592 31488
593 1830
594 227855
595 18688
596 1953
597 10732
598 312426
599 79434
600 466253
601 196633
602 234468
603 233364
604 2178
605 188190
606 110041
607 10022
608 19834
609 59766
610 57439
611 385322
612 10884
613 5954
614 282991
615 378072
616 102249
617 101904
618 79819
619 233595
620 56611
621 183537
622 8375
623 2157
624 17365
625 178524
626 116191
627 361391
628 17129
629 19206
630 251767
631 231412
632 2711
633 18526
634 193751
635 237891
636 28041
637 380754
638 7445
639 381987
640 2727
641 14412
642 61386
643 128202
644 1391
645 311056
646 53702
647 2061
648 12621
649 377275
650 41156
651 9029
652 8845
653 76246
654 2243
655 5622
656 8589
657 111342
658 135994
659 108921
660 147422
661 138247
662 4023
663 59100
664 40664
665 64988
666 206956
667 10700
668 7742
669 232008
670 103218
671 17292
672 56197
673 8606
674 371834
675 2513
676 9482
677 119242
678 385406
679 109389
680 17712
681 70649
682 56719
683 227797
684 232474
685 370663
686 58366
687 20861
688 28278
689 16167
690 30054
691 39446
692 183738
693 477845
694 99098
695 378359
696 81443
697 79009
698 375877
699 188405
700 38456
701 14625
702 1459
703 80526
704 128105
705 449624
706 241847
707 107965
708 86195
709 281978
710 42214
711 31641
712 21756
713 61746
714 28942
715 8955
716 38746
717 243857
718 130898
719 188763
720 101099
721 20209
722 65512
723 18344
724 109563
725 6657
726 466048
727 41634
728 227096
729 128019
730 373776
731 299964
732 46171
733 1827
734 49330
735 111736
736 25209
737 43645
738 60674
739 8531
740 2023
741 286336
742 231790
743 7805
744 38886
745 107860
746 179319
747 229772
748 473039
749 55544
750 305374
751 40779
752 1935
753 80751
754 84725
755 17396
756 1478
757 16507
758 23384
759 1652
760 30239
761 9984
762 18633
763 1791
764 163834
765 28968
766 40101
767 1539
768 2372
769 75752
770 2099
771 106145
772 11445
773 111422
774 155300
775 109593
776 15595
777 131159
778 226241
779 300291
780 142197
781 38717
782 185790
783 177066
784 131106
785 106782
786 102607
787 75251
788 2117
789 14956
790 44075
791 5768
792 1227
793 120063
794 161846
795 58206
796 28748
797 1933
798 910
799 88582
800 73302
801 1931
802 232223
803 1912
804 1190
805 244744
806 99047
807 29309
808 300866
809 23074
810 151570
811 182964
812 301599
813 6872
814 473087
815 227732
816 179123
817 184296
818 1296
819 193077
820 384501
821 675470
822 141705
823 53812
824 12984
825 2669
826 1909
827 1338
828 70693
829 7850
830 192764
831 153998
832 110073
833 38435
834 2275
835 237422
836 191184
837 184271
838 80241
839 2200
840 155109
841 1774
842 2578
843 313341
844 59894
845 235095
846 81210
847 44742
848 108515
849 98972
850 1985
851 482804
852 1653
853 24259
854 8213
855 56764
856 7036
857 23441
858 132207
859 1738
860 187032
861 6451
862 9902
863 8054
864 392494
865 113624
866 354545
867 182144
868 671374
869 2981
870 230157
871 116415
872 75889
873 46364
874 4874
875 111743
876 22059
877 140379
878 222494
879 294485
880 25092
881 814
882 296560
883 185412
884 290857
885 8147
886 249943
887 179188
888 2182
889 37392
890 3061
891 248062
892 1379
893 2674
894 28654
895 15028
896 2083
897 454754
898 1897
899 15526
900 61346
901 388560
902 14810
903 379341
904 1578
905 7255
906 181829
907 1750
908 102034
909 159099
910 1685
911 378268
912 146349
913 347091
914 39917
915 1739
916 180418
917 253617
918 23698
919 1398
920 56072
921 138550
922 9004
923 29054
924 8155
925 5471
926 81219
927 232334
928 208435
929 4299
930 25642
931 123578
932 1546
933 75766
934 1546
935 184606
936 1939
937 228469
938 301492
939 7647
940 243937
941 56466
942 239599
943 34254
944 24064
945 286606
946 226547
947 22789
948 2356
949 84370
950 249175
951 1735
952 1855
953 237768
954 44074
955 33389
956 9499
957 182505
958 2473
959 6764
960 103105
961 9274
962 2099
963 78702
964 42281
965 64133
966 2033
967 2254
968 232132
969 89114
970 44844
971 307191
972 42314
973 193143
974 195800
975 378618
976 11119
977 17087
978 2572
979 233294
980 38705
981 128499
982 4811
983 428611
984 123364
985 6432
986 24014
987 7295
988 319388
989 7596
990 16881
991 2746
992 289571
993 191294
994 143678
995 111801
996 86876
997 2707
998 23275
999 3611
1000 80949
1001 146681
1002 137341
1003 5879
1004 4058
1005 80236
1006 79791
1007 305425
1008 13704
1009 4526
1010 193237
1011 137364
1012 175499
1013 108678
1014 291953
1015 103976
1016 41797
1017 1555
1018 181944
1019 468746
1020 254121
1021 377644
1022 6682
1023 9244
1024 456311
1025 1771
1026 157729
1027 2930
1028 26995
1029 6728
1030 232504
1031 184071
1032 189498
1033 8997
1034 300253
1035 61981
1036 185018
1037 2416
1038 127888
1039 7788
1040 228350
1041 12228
1042 3375
1043 1730
1044 21832
1045 152572
1046 46188
1047 235587
1048 40170
1049 1928
1050 5748
1051 33005
1052 73968
1053 41804
1054 6481
1055 79374
1056 138524
1057 139237
1058 134083
1059 58167
1060 2141
1061 15452
1062 125099
1063 188900
1064 1048
1065 1846
1066 57891
1067 1842
1068 16135
1069 31299
1070 185637
1071 2361
1072 476615
1073 357037
1074 29930
1075 189382
1076 187497
1077 126497
1078 1303
1079 26028
1080 20538
1081 103320
1082 18938
1083 22118
1084 386232
1085 15047
1086 111976
1087 225290
1088 185289
1089 375378
1090 136681
1091 5859
1092 4866
1093 62150
1094 360489
1095 1632
1096 28414
1097 372192
1098 121434
1099 372100
1100 7570
1101 28557
1102 285565
1103 382217
1104 26961
1105 24783
1106 2042
1107 12792
1108 1337
1109 247813
1110 11394
1111 324035
1112 17024
1113 1743
1114 6991
1115 226194
1116 228399
1117 43916
1118 12610
1119 39883
1120 24987
1121 56488
1122 260552
1123 43264
1124 19767
1125 21555
1126 229028
1127 44343
1128 17981
1129 23033
1130 387814
1131 190987
1132 1128
1133 10360
1134 28675
1135 54917
1136 127654
1137 7284
1138 92072
1139 7894
1140 99634
1141 1794
1142 6835
1143 52334
1144 180451
1145 10635
1146 2559
1147 189960
1148 184977
1149 5310
1150 124605
1151 6977
1152 15199
1153 2288
1154 37335
1155 2387
1156 14103
1157 378525
1158 184802
1159 105409
1160 1897
1161 126010
1162 179525
1163 42234
1164 57438
1165 61346
1166 73728
1167 149088
1168 383905
1169 178161
1170 111014
1171 75506
1172 68334
1173 225720
1174 79561
1175 28125
1176 240494
1177 147792
1178 5166
1179 109922
1180 460433
1181 107090
1182 476028
1183 51147
1184 98677
1185 45103
1186 311127
1187 26260
1188 106760
1189 144556
1190 146725
1191 2086
1192 307571
1193 33393
1194 125957
1195 1430
1196 182261
1197 1411
1198 216652
1199 23076
1200 41920
1201 370173
1202 47629
1203 197268
1204 5144
1205 105130
1206 2123
1207 234559
1208 42537
1209 66704
1210 1548
1211 169843
1212 226035
1213 86218
1214 182937
1215 7000
1216 10141
1217 11264
1218 283573
1219 7846
1220 1228
1221 9113
1222 189239
1223 136348
1224 227673
1225 467844
1226 1104
1227 1608
1228 7896
1229 12119
1230 141938
1231 1565
1232 8458
1233 285435
1234 60718
1235 1935
1236 2222
1237 6836
1238 463816
1239 375267
1240 98876
1241 7522
1242 1882
1243 157196
1244 23390
1245 2568
1246 128814
1247 566289
1248 45996
1249 181812
1250 10246
1251 29465
1252 110022
1253 56719
1254 145545
1255 29124
1256 4405
1257 76695
1258 1429
1259 70972
1260 33257
1261 18276
1262 59565
1263 482795
1264 191716
1265 1572
1266 112114
1267 6366
1268 168916
1269 195579
1270 126610
1271 307848
1272 187835
1273 160422
1274 110003
1275 378328
1276 2062
1277 28383
1278 22798
1279 182701
1280 187900
1281 247191
1282 87372
1283 7038
1284 285539
1285 42217
1286 185642
1287 109713
1288 4683
1289 58937
1290 14671
1291 80636
1292 8110
1293 6868
1294 418528
1295 3635
1296 9168
1297 1641
1298 3424
1299 48695
1300 44265
1301 186753
1302 44113
1303 5474
1304 2456
1305 15366
1306 97755
1307 100278
1308 6004
1309 437167
1310 21498
1311 230041
1312 57462
1313 192557
1314 20557
1315 16057
1316 2070
1317 24031
1318 4954
1319 30049
1320 190433
1321 44989
1322 1339
1323 44117
1324 81275
1325 63031
1326 9413
1327 468873
1328 191629
1329 126396
1330 60633
1331 243605
1332 57174
1333 2125
1334 2632
1335 227580
1336 6734
1337 15361
1338 59181
1339 56905
1340 476147
1341 2365
1342 420186
1343 21190
1344 28145
1345 5518
1346 375096
1347 2081
1348 158243
1349 14313
1350 1863
1351 142283
1352 5861
1353 246088
1354 13946
1355 290113
1356 15958
1357 685
1358 382535
1359 37237
1360 380029
1361 18736
1362 2261
1363 1844
1364 56600
1365 354552
1366 193443
1367 25318
1368 52776
1369 74388
1370 184730
1371 179833
1372 79086
1373 242548
1374 82195
1375 2173
1376 18133
1377 75042
1378 5373
1379 85462
1380 18138
1381 41293
1382 242347
1383 477629
1384 6162
1385 25573
1386 72764
1387 9024
1388 473805
1389 86881
1390 125778
1391 203879
1392 123452
1393 101697
1394 186041
1395 379104
1396 19074
1397 388922
1398 97021
1399 181732
1400 9477
1401 75036
1402 6676
1403 383955
1404 188229
1405 288395
1406 40986
1407 186750
1408 226627
1409 83787
1410 378501
1411 184061
1412 392086
1413 143761
1414 58199
1415 2156
1416 113235
1417 17677
1418 1736
1419 41007
1420 6959
1421 228743
1422 59930
1423 19082
1424 195293
1425 6459
1426 81895
1427 2856
1428 361522
1429 109406
1430 166025
1431 183485
1432 228525
1433 1937
1434 460200
1435 186913
1436 30976
1437 112873
1438 185398
1439 99040
1440 29651
1441 72754
1442 10355
1443 239460
1444 63308
1445 1398
1446 21964
1447 36673
1448 303894
1449 2118
1450 2327
1451 112505
1452 16942
1453 27722
1454 38746
1455 2032
1456 16826
1457 246635
1458 17523
1459 78630
1460 74373
1461 227209
1462 523992
1463 12223
1464 54770
1465 2414
1466 239455
1467 119691
1468 6963
1469 75505
1470 257446
1471 232130
1472 1673
1473 31852
1474 134046
1475 109736
1476 153590
1477 250535
1478 10479
1479 1652
1480 192780
1481 92483
1482 1963
1483 20554
1484 288622
1485 36828
1486 2233
1487 89170
1488 181251
1489 91219
1490 355624
1491 3053
1492 11994
1493 1905
1494 122949
1495 77913
1496 41711
1497 53351
1498 128163
1499 16724
